769 0 5412 1
769 0 82002 1
769 0 18639 1
769 0 41759 1
769 0 86190 1
769 0 46697 1
770 0 68484 1
770 0 77481 1
770 0 33980 1
770 0 39901 1
770 0 6753 1
770 0 88197 1
770 0 93726 1
770 0 1735 1
770 0 60284 1
771 0 46234 1
771 0 56101 1
771 0 72111 1
771 0 5699 1
771 0 7624 1
771 0 30692 1
772 0 61474 1
772 0 94939 1
772 0 11848 1
772 0 92455 1
772 0 93372 1
773 0 38119 1
773 0 80922 1
773 0 8541 1
774 0 57766 1
774 0 41758 1
774 0 50639 1
774 0 84983 1
774 0 64501 1
774 0 11589 1
774 0 82008 1
775 0 65429 1
775 0 94091 1
775 0 39985 1
775 0 51064 1
775 0 30253 1
775 0 22990 1
776 0 67128 1
776 0 10838 1
776 0 78189 1
776 0 61556 1
776 0 83465 1
776 0 36312 1
778 0 1031 1
778 0 29008 1
778 0 21038 1
778 0 42179 1
781 0 18690 1
781 0 79433 1
781 0 70338 1
783 0 52526 1
783 0 61874 1
783 0 84039 1
784 0 24653 1
784 0 50079 1
784 0 7625 1
784 0 40264 1
784 0 76395 1
785 0 87802 1
785 0 89721 1
785 0 20509 1
785 0 10135 1
786 0 99997 1
786 0 81209 1
786 0 64557 1
787 0 8354 1
787 0 81842 1
787 0 38083 1
787 0 32920 1
787 0 7675 1
787 0 75392 1
787 0 61482 1
787 0 86319 1
787 0 79213 1
788 0 70534 1
788 0 1823 1
788 0 96357 1
788 0 95802 1
788 0 6743 1
788 0 57904 1
788 0 56188 1
790 0 28008 1
790 0 93510 1
791 0 30572 1
791 0 45047 1
791 0 19634 1
791 0 49717 1
791 0 31823 1
791 0 72797 1
791 0 66504 1
791 0 58781 1
792 0 51481 1
792 0 71251 1
792 0 37703 1
792 0 36568 1
792 0 75582 1
793 0 29584 1
793 0 44381 1
793 0 92422 1
794 0 68944 1
794 0 13720 1
796 0 92086 1
796 0 31180 1
796 0 45417 1
796 0 26733 1
796 0 18097 1
797 0 13138 1
797 0 70040 1
797 0 51805 1
797 0 5812 1
797 0 52873 1
797 0 24808 1
798 0 37133 1
798 0 75717 1
798 0 39666 1
798 0 57078 1
798 0 79537 1
798 0 41034 1
798 0 41817 1
798 0 89727 1
798 0 62467 1
800 0 15751 1
800 0 77429 1
800 0 36995 1
800 0 9150 1
800 0 53887 1
801 0 20867 1
801 0 58894 1
801 0 42250 1
801 0 31053 1
801 0 96327 1
801 0 77048 1
801 0 11315 1
801 0 53783 1
801 0 27898 1
802 0 74366 1
802 0 51193 1
802 0 18868 1
802 0 99037 1
802 0 47896 1
802 0 42657 1
802 0 13798 1
802 0 54588 1
802 0 9829 1
804 0 76307 1
804 0 94235 1
804 0 87535 1
804 0 76975 1
804 0 74878 1
804 0 3180 1
804 0 78641 1
804 0 9976 1
804 0 52519 1
804 0 66006 1
805 0 60266 1
805 0 95710 1
805 0 70621 1
805 0 39527 1
805 0 41716 1
805 0 65136 1
805 0 54316 1
805 0 32775 1
805 0 51820 1
806 0 32750 1
806 0 10923 1
806 0 45019 1
806 0 91710 1
809 0 58617 1
809 0 18745 1
809 0 64562 1
809 0 37553 1
809 0 87665 1
809 0 12427 1
810 0 9043 1
810 0 76556 1
810 0 25183 1
810 0 65615 1
811 0 58492 1
811 0 80469 1
811 0 96041 1
811 0 25698 1
811 0 72905 1
814 0 54015 1
814 0 74485 1
814 0 71341 1
814 0 75858 1
814 0 56038 1
814 0 40457 1
814 0 40249 1
814 0 68406 1
814 0 1592 1
815 0 19351 1
815 0 47696 1
815 0 98049 1
815 0 88610 1
815 0 92773 1
815 0 84621 1
815 0 1470 1
815 0 59609 1
815 0 67848 1
816 0 67330 1
816 0 64093 1
816 0 15867 1
816 0 43539 1
816 0 57365 1
816 0 45306 1
816 0 21572 1
816 0 33426 1
816 0 88409 1
819 0 83069 1
819 0 40967 1
819 0 62229 1
819 0 44019 1
819 0 25834 1
820 0 38799 1
820 0 66437 1
820 0 54 1
820 0 51655 1
821 0 95750 1
821 0 64690 1
821 0 44372 1
822 0 27198 1
822 0 4014 1
822 0 26562 1
822 0 18797 1
822 0 20204 1
822 0 31194 1
822 0 60515 1
822 0 1278 1
822 0 67534 1
823 0 46965 1
823 0 60684 1
823 0 43462 1
823 0 75624 1
823 0 3793 1
826 0 55054 1
826 0 4253 1
826 0 26625 1
826 0 81934 1
826 0 89580 1
826 0 55334 1
826 0 26135 1
826 0 74482 1
827 0 52689 1
827 0 72940 1
827 0 8330 1
827 0 32072 1
827 0 70725 1
827 0 10142 1
828 0 65286 1
828 0 29890 1
828 0 89673 1
828 0 1376 1
828 0 70361 1
828 0 17783 1
828 0 33560 1
828 0 89901 1
830 0 44650 1
830 0 54126 1
830 0 77698 1
830 0 13498 1
830 0 50953 1
830 0 75647 1
832 0 28888 1
832 0 56156 1
832 0 99866 1
832 0 52935 1
832 0 43283 1
832 0 87486 1
833 0 72858 1
833 0 94908 1
833 0 68589 1
833 0 52273 1
833 0 52903 1
833 0 66163 1
833 0 87976 1
833 0 40824 1
833 0 80745 1
834 0 79325 1
834 0 40109 1
834 0 229 1
834 0 14953 1
834 0 48735 1
834 0 310 1
834 0 71169 1
835 0 67012 1
835 0 76125 1
835 0 38346 1
835 0 41550 1
835 0 20503 1
835 0 15805 1
835 0 33766 1
836 0 14893 1
836 0 62404 1
836 0 51465 1
836 0 57945 1
836 0 51192 1
836 0 64361 1
836 0 34765 1
836 0 36735 1
836 0 72017 1
836 0 55820 1
838 0 51499 1
838 0 70342 1
838 0 22140 1
838 0 96394 1
838 0 71267 1
838 0 71680 1
838 0 45192 1
838 0 24333 1
838 0 29124 1
840 0 61569 1
840 0 11293 1
840 0 98971 1
840 0 17282 1
840 0 67312 1
843 0 10944 1
843 0 36522 1
843 0 62997 1
843 0 69717 1
843 0 37560 1
843 0 26844 1
843 0 7253 1
844 0 772 1
844 0 74459 1
844 0 46278 1
844 0 68173 1
844 0 99143 1
844 0 15766 1
847 0 78818 1
847 0 19310 1
847 0 13577 1
847 0 32214 1
847 0 46484 1
850 0 29657 1
850 0 95097 1
850 0 8633 1
851 0 30774 1
851 0 40246 1
851 0 16791 1
851 0 72369 1
851 0 77147 1
851 0 73588 1
851 0 80040 1
851 0 7850 1
852 0 31010 1
852 0 80445 1
852 0 25140 1
852 0 98645 1
852 0 48342 1
852 0 78103 1
852 0 57655 1
852 0 87434 1
852 0 49795 1
852 0 46031 1
853 0 77487 1
853 0 51676 1
854 0 41381 1
854 0 46302 1
854 0 69065 1
854 0 3817 1
854 0 9104 1
854 0 71391 1
854 0 54571 1
854 0 15991 1
856 0 3624 1
856 0 27930 1
856 0 18755 1
856 0 68910 1
861 0 5849 1
861 0 77211 1
861 0 2493 1
861 0 97267 1
863 0 78410 1
863 0 34685 1
863 0 3495 1
863 0 10428 1
863 0 82242 1
863 0 57361 1
863 0 79814 1
863 0 90717 1
863 0 88526 1
864 0 374 1
864 0 11918 1
864 0 86460 1
864 0 58723 1
864 0 9364 1
864 0 88507 1
865 0 73921 1
865 0 63815 1
865 0 11804 1
865 0 16203 1
865 0 81387 1
865 0 45643 1
865 0 60527 1
865 0 25239 1
865 0 85363 1
865 0 6049 1
867 0 73144 1
867 0 84843 1
867 0 11417 1
867 0 36547 1
867 0 100018 1
867 0 58505 1
867 0 47717 1
867 0 81477 1
869 0 56254 1
869 0 42158 1
869 0 29667 1
869 0 34297 1
869 0 92067 1
869 0 60913 1
869 0 75281 1
869 0 80690 1
870 0 84322 1
870 0 32790 1
870 0 58356 1
871 0 74468 1
871 0 80343 1
871 0 43542 1
871 0 44728 1
871 0 34971 1
871 0 2970 1
871 0 76626 1
871 0 1871 1
871 0 82774 1
872 0 70660 1
872 0 29405 1
872 0 67240 1
872 0 72050 1
873 0 74057 1
873 0 54293 1
873 0 97225 1
873 0 44063 1
873 0 15271 1
873 0 65512 1
873 0 77644 1
873 0 65373 1
875 0 13640 1
875 0 54366 1
875 0 92892 1
875 0 99740 1
875 0 69675 1
875 0 60750 1
875 0 48395 1
875 0 49342 1
875 0 428 1
209 0 65587 1
209 0 87700 1
209 0 34649 1
209 0 68214 1
210 0 59713 1
210 0 66905 1
210 0 48536 1
211 0 60006 1
211 0 77650 1
211 0 17858 1
211 0 11181 1
211 0 87062 1
215 0 33418 1
215 0 44294 1
215 0 89385 1
215 0 92076 1
216 0 66119 1
216 0 80627 1
216 0 55024 1
216 0 31982 1
216 0 69638 1
216 0 66818 1
216 0 27870 1
216 0 31808 1
216 0 20034 1
219 0 10806 1
219 0 95639 1
219 0 1421 1
219 0 14925 1
219 0 82470 1
219 0 75634 1
219 0 58631 1
219 0 35891 1
221 0 22894 1
221 0 67998 1
221 0 59224 1
223 0 50161 1
223 0 21605 1
223 0 46793 1
223 0 8736 1
223 0 2259 1
226 0 34106 1
226 0 80527 1
226 0 36301 1
226 0 24818 1
226 0 5636 1
226 0 81865 1
226 0 14181 1
228 0 39643 1
228 0 13170 1
228 0 70944 1
228 0 63325 1
228 0 71957 1
228 0 18845 1
229 0 41844 1
229 0 92645 1
229 0 46630 1
229 0 95212 1
229 0 32413 1
231 0 43835 1
231 0 50738 1
231 0 86959 1
231 0 9640 1
231 0 33961 1
231 0 88699 1
231 0 21871 1
231 0 74122 1
233 0 52870 1
233 0 55557 1
233 0 56901 1
233 0 36651 1
233 0 18150 1
234 0 5120 1
234 0 3827 1
234 0 20653 1
234 0 67220 1
234 0 30191 1
235 0 89670 1
235 0 80753 1
235 0 91524 1
235 0 69908 1
235 0 70789 1
235 0 72626 1
235 0 22002 1
236 0 91215 1
236 0 94865 1
236 0 70088 1
236 0 56459 1
237 0 69520 1
237 0 72228 1
237 0 18431 1
238 0 7604 1
238 0 34268 1
238 0 10293 1
238 0 7062 1
239 0 73972 1
239 0 72684 1
239 0 21655 1
239 0 62786 1
239 0 48837 1
239 0 96595 1
240 0 30379 1
240 0 29334 1
240 0 53797 1
240 0 890 1
240 0 66919 1
240 0 53788 1
241 0 12810 1
241 0 73451 1
241 0 5670 1
241 0 68526 1
241 0 51950 1
241 0 6621 1
242 0 13119 1
242 0 29489 1
242 0 28527 1
242 0 91888 1
242 0 33110 1
242 0 11482 1
242 0 29511 1
242 0 77405 1
244 0 26119 1
244 0 52127 1
245 0 22325 1
245 0 51048 1
245 0 20885 1
245 0 94062 1
246 0 83066 1
246 0 95223 1
246 0 22632 1
246 0 10553 1
246 0 74908 1
246 0 839 1
246 0 29437 1
246 0 95241 1
246 0 32450 1
248 0 22443 1
248 0 49869 1
248 0 82916 1
248 0 32505 1
248 0 13185 1
248 0 70469 1
248 0 48083 1
249 0 45054 1
249 0 69366 1
249 0 9860 1
249 0 63383 1
250 0 67170 1
250 0 40239 1
250 0 74469 1
250 0 94471 1
250 0 44250 1
251 0 26611 1
251 0 30417 1
251 0 69354 1
251 0 10688 1
251 0 15122 1
253 0 43588 1
253 0 36006 1
253 0 65933 1
253 0 78728 1
253 0 31534 1
253 0 8649 1
253 0 47098 1
253 0 86629 1
254 0 84659 1
254 0 79701 1
254 0 33001 1
254 0 79982 1
254 0 71066 1
254 0 8143 1
255 0 52926 1
255 0 26750 1
255 0 67736 1
255 0 86826 1
256 0 41102 1
256 0 94537 1
256 0 41742 1
256 0 33767 1
256 0 84444 1
256 0 19034 1
256 0 22190 1
980 0 91756 1
980 0 52770 1
980 0 86322 1
980 0 12977 1
981 0 15348 1
981 0 58998 1
981 0 49040 1
981 0 13852 1
981 0 72547 1
981 0 70661 1
981 0 87955 1
981 0 89555 1
983 0 1932 1
983 0 42845 1
983 0 97444 1
983 0 96841 1
983 0 11218 1
983 0 40573 1
983 0 90004 1
984 0 28860 1
984 0 38964 1
984 0 86017 1
984 0 8746 1
984 0 98085 1
985 0 50013 1
985 0 49719 1
985 0 26920 1
985 0 80499 1
985 0 94137 1
985 0 4532 1
985 0 46524 1
986 0 59729 1
986 0 88221 1
986 0 73642 1
986 0 46449 1
986 0 30869 1
986 0 14437 1
986 0 90594 1
986 0 30368 1
986 0 57108 1
986 0 75645 1
987 0 33867 1
987 0 54465 1
987 0 19362 1
987 0 21006 1
987 0 58710 1
987 0 13306 1
987 0 36421 1
987 0 54252 1
991 0 118 1
991 0 15293 1
991 0 94204 1
991 0 21152 1
991 0 23393 1
991 0 14260 1
992 0 31295 1
992 0 2046 1
992 0 32322 1
992 0 17228 1
992 0 4994 1
992 0 34520 1
992 0 99538 1
992 0 60469 1
996 0 1478 1
996 0 85052 1
996 0 84924 1
996 0 77100 1
996 0 22584 1
996 0 45947 1
996 0 94709 1
998 0 8410 1
998 0 35440 1
998 0 48686 1
998 0 83950 1
998 0 8101 1
998 0 31006 1
998 0 81719 1
998 0 52551 1
998 0 51408 1
999 0 71858 1
999 0 19108 1
999 0 61392 1
999 0 57333 1
999 0 92884 1
1000 0 33294 1
1000 0 27060 1
1000 0 1694 1
1002 0 61461 1
1002 0 73276 1
1002 0 24389 1
1003 0 90475 1
1003 0 87916 1
1003 0 18055 1
1003 0 44739 1
1003 0 44117 1
1004 0 61915 1
1004 0 90330 1
1004 0 59766 1
1005 0 65963 1
1005 0 72825 1
1005 0 69118 1
1005 0 15700 1
1005 0 99460 1
1005 0 94580 1
1005 0 64487 1
1005 0 22787 1
1005 0 8254 1
1007 0 47857 1
1007 0 72355 1
1007 0 29553 1
1007 0 86230 1
1007 0 56191 1
1008 0 49219 1
1008 0 72157 1
1008 0 49722 1
1008 0 62635 1
1008 0 4069 1
1008 0 3774 1
1008 0 55199 1
1008 0 73771 1
1008 0 24737 1
1010 0 52897 1
1010 0 88775 1
1010 0 4762 1
1010 0 42510 1
1010 0 65581 1
1010 0 72971 1
1010 0 1273 1
1010 0 15280 1
1012 0 1190 1
1012 0 98478 1
1012 0 22401 1
1012 0 77931 1
1015 0 92745 1
1015 0 1821 1
1015 0 49519 1
1015 0 48646 1
1015 0 44591 1
1015 0 57732 1
1015 0 58350 1
1016 0 57570 1
1016 0 35780 1
1016 0 19601 1
1016 0 286 1
1016 0 5458 1
1016 0 34284 1
1016 0 37293 1
1016 0 44408 1
1016 0 77440 1
1016 0 70130 1
1018 0 79005 1
1018 0 29053 1
1018 0 75552 1
1018 0 32811 1
1018 0 74629 1
1018 0 7291 1
1018 0 54898 1
1018 0 82447 1
1019 0 62038 1
1019 0 7024 1
1019 0 21993 1
1019 0 44993 1
1019 0 91921 1
1019 0 80255 1
1019 0 78959 1
1019 0 96051 1
1019 0 97009 1
1020 0 16793 1
1020 0 4234 1
1020 0 66203 1
1021 0 18231 1
1021 0 88613 1
1021 0 40347 1
1021 0 52831 1
1021 0 14497 1
1021 0 86196 1
1022 0 69906 1
1022 0 52221 1
1022 0 15804 1
1022 0 52218 1
1022 0 16812 1
1022 0 100159 1
1022 0 42206 1
1023 0 79536 1
1023 0 84012 1
1023 0 24356 1
1023 0 34889 1
1023 0 11361 1
1023 0 12089 1
1023 0 73556 1
1023 0 93364 1
1025 0 92870 1
1025 0 65689 1
1025 0 90122 1
1025 0 94344 1
1025 0 12984 1
1025 0 96987 1
1025 0 91430 1
1026 0 93978 1
1026 0 52386 1
1026 0 28316 1
1026 0 31370 1
1026 0 32762 1
1027 0 85431 1
1027 0 43476 1
1027 0 13019 1
1027 0 41773 1
1028 0 10752 1
1028 0 31933 1
1028 0 65761 1
1028 0 17313 1
1028 0 89371 1
1028 0 46190 1
1028 0 5422 1
1028 0 23639 1
1029 0 41762 1
1029 0 38468 1
1029 0 96775 1
1029 0 83130 1
1029 0 6223 1
1029 0 39451 1
1029 0 13542 1
1029 0 48441 1
1030 0 23048 1
1030 0 65120 1
1030 0 97364 1
1032 0 54513 1
1032 0 56046 1
1033 0 84251 1
1033 0 60552 1
1033 0 43608 1
1033 0 87938 1
1033 0 72169 1
1034 0 53719 1
1034 0 19441 1
1034 0 62335 1
1034 0 42716 1
1034 0 84552 1
1035 0 44626 1
1035 0 66841 1
1035 0 74023 1
1035 0 82418 1
1035 0 51735 1
1035 0 35906 1
1035 0 72400 1
1035 0 45782 1
1036 0 25487 1
1036 0 38508 1
1036 0 33069 1
1037 0 71568 1
1037 0 7814 1
1037 0 52448 1
1038 0 36249 1
1038 0 53018 1
1038 0 78939 1
1038 0 65914 1
1039 0 53267 1
1039 0 36615 1
1039 0 94202 1
1039 0 23254 1
1040 0 54990 1
1040 0 89619 1
1040 0 2683 1
1040 0 82088 1
1040 0 61049 1
1041 0 63966 1
1041 0 40325 1
1041 0 43470 1
1041 0 99942 1
1041 0 52360 1
1041 0 28496 1
1041 0 25071 1
1041 0 93709 1
1041 0 88557 1
1041 0 61696 1
1042 0 73522 1
1042 0 6386 1
1042 0 88550 1
1042 0 33958 1
1043 0 34289 1
1043 0 47560 1
1043 0 88013 1
1043 0 55869 1
1044 0 67453 1
1044 0 7784 1
1044 0 74764 1
1045 0 94625 1
1045 0 20981 1
1045 0 6767 1
1045 0 95366 1
1045 0 44422 1
1045 0 30431 1
1045 0 38238 1
1045 0 46265 1
1045 0 8314 1
1046 0 26168 1
1046 0 48711 1
1046 0 71883 1
1046 0 18594 1
1046 0 92358 1
1046 0 80620 1
1046 0 89052 1
1046 0 59447 1
1047 0 27423 1
1047 0 40533 1
1047 0 27147 1
1047 0 17725 1
1047 0 43796 1
1047 0 9068 1
1047 0 11868 1
1048 0 10122 1
1048 0 19999 1
1048 0 22295 1
1048 0 2576 1
1048 0 53622 1
1048 0 42576 1
1048 0 43800 1
1048 0 42521 1
1048 0 3719 1
1049 0 78577 1
1049 0 70378 1
1049 0 11646 1
1049 0 86970 1
1049 0 60680 1
1049 0 8214 1
1052 0 80204 1
1052 0 52591 1
1052 0 13067 1
1052 0 3293 1
1052 0 70599 1
1052 0 43988 1
1052 0 8088 1
1053 0 78028 1
1053 0 98416 1
1055 0 29939 1
1055 0 34998 1
1055 0 98407 1
1055 0 9651 1
1055 0 60834 1
1057 0 47667 1
1057 0 41093 1
1057 0 5868 1
1058 0 46698 1
1058 0 85499 1
1058 0 25302 1
1058 0 62685 1
1058 0 56814 1
1060 0 11483 1
1060 0 99772 1
1060 0 39092 1
1060 0 56781 1
1060 0 61809 1
1060 0 2418 1
1060 0 73694 1
1060 0 90759 1
1061 0 90268 1
1061 0 3977 1
1061 0 23030 1
1061 0 90064 1
1061 0 50330 1
1062 0 75318 1
1062 0 76731 1
1062 0 53664 1
1063 0 67774 1
1063 0 87176 1
1063 0 76251 1
1063 0 28739 1
1063 0 96068 1
1063 0 76179 1
1063 0 13337 1
1063 0 70680 1
1063 0 29352 1
1065 0 8572 1
1065 0 72332 1
1065 0 40130 1
1065 0 87874 1
1066 0 61101 1
1066 0 26814 1
1066 0 77139 1
1066 0 96316 1
1068 0 68646 1
1068 0 71223 1
1068 0 89423 1
1068 0 31626 1
1068 0 98815 1
1071 0 67740 1
1071 0 78934 1
1071 0 92432 1
1071 0 16563 1
1071 0 40653 1
1071 0 21894 1
1071 0 9328 1
1071 0 23770 1
1072 0 7209 1
1072 0 97660 1
1072 0 1907 1
1072 0 69382 1
1072 0 54741 1
1072 0 93653 1
1072 0 42592 1
1072 0 51882 1
1073 0 52622 1
1073 0 37424 1
1073 0 1302 1
1073 0 49952 1
1 0 68543 1
1 0 2882 1
1 0 74874 1
1 0 62014 1
3 0 57939 1
3 0 13016 1
3 0 23724 1
3 0 15312 1
3 0 93719 1
3 0 60929 1
3 0 93168 1
3 0 66926 1
5 0 58586 1
5 0 11373 1
5 0 72340 1
5 0 1810 1
6 0 79840 1
6 0 63852 1
6 0 5466 1
6 0 31173 1
7 0 7012 1
7 0 93942 1
7 0 74791 1
7 0 89645 1
7 0 15071 1
7 0 5341 1
7 0 63556 1
7 0 95389 1
7 0 96289 1
7 0 87290 1
7 0 80950 1
8 0 62932 1
8 0 41163 1
8 0 69097 1
8 0 29830 1
10 0 37250 1
10 0 89186 1
10 0 83796 1
10 0 53613 1
10 0 17299 1
11 0 5580 1
11 0 15715 1
11 0 13295 1
11 0 37106 1
12 0 34390 1
12 0 506 1
12 0 49396 1
12 0 69853 1
12 0 73341 1
12 0 61372 1
12 0 8412 1
15 0 14434 1
15 0 42068 1
15 0 68145 1
18 0 82645 1
18 0 68729 1
18 0 64896 1
18 0 23742 1
20 0 11288 1
20 0 23118 1
20 0 39412 1
20 0 70060 1
20 0 26078 1
20 0 78657 1
20 0 81242 1
20 0 4689 1
20 0 19071 1
22 0 16935 1
22 0 17225 1
22 0 12571 1
22 0 51783 1
22 0 94662 1
22 0 34030 1
22 0 21654 1
22 0 21650 1
22 0 73758 1
22 0 69025 1
22 0 33465 1
22 0 81636 1
23 0 87950 1
23 0 85721 1
23 0 50482 1
23 0 44860 1
23 0 44095 1
23 0 95395 1
23 0 74444 1
23 0 69773 1
23 0 50401 1
25 0 93580 1
25 0 32506 1
25 0 48552 1
25 0 72807 1
25 0 27118 1
25 0 29934 1
25 0 33467 1
25 0 11278 1
25 0 28634 1
26 0 60525 1
26 0 64576 1
26 0 11992 1
26 0 39445 1
26 0 75503 1
27 0 69049 1
27 0 13946 1
27 0 19231 1
27 0 50734 1
27 0 6757 1
27 0 41068 1
27 0 54526 1
27 0 72095 1
27 0 9565 1
30 0 51456 1
33 0 33124 1
33 0 86116 1
33 0 46799 1
33 0 93714 1
33 0 97001 1
33 0 70480 1
33 0 77964 1
33 0 17609 1
36 0 46332 1
36 0 504 1
36 0 88391 1
36 0 44917 1
36 0 29655 1
36 0 24652 1
36 0 5925 1
36 0 80809 1
36 0 52862 1
36 0 19192 1
37 0 65618 1
37 0 85088 1
37 0 97413 1
39 0 83688 1
39 0 43788 1
39 0 96317 1
39 0 24267 1
39 0 95138 1
39 0 99796 1
39 0 76029 1
39 0 40201 1
39 0 57482 1
468 0 65526 1
468 0 1426 1
468 0 57158 1
469 0 89639 1
469 0 18880 1
469 0 7293 1
469 0 67151 1
470 0 98848 1
470 0 9511 1
470 0 68842 1
470 0 43609 1
470 0 74075 1
471 0 2606 1
471 0 12516 1
471 0 96936 1
471 0 11477 1
471 0 47402 1
472 0 58742 1
472 0 7701 1
472 0 66738 1
472 0 61569 1
472 0 88071 1
473 0 54648 1
473 0 88560 1
478 0 24964 1
478 0 47437 1
478 0 26634 1
478 0 14663 1
478 0 89669 1
480 0 96519 1
480 0 96043 1
480 0 84049 1
480 0 17423 1
480 0 40471 1
480 0 4037 1
480 0 86730 1
480 0 75172 1
481 0 82490 1
481 0 24709 1
481 0 40195 1
481 0 99728 1
481 0 89146 1
483 0 32666 1
483 0 25727 1
483 0 7742 1
483 0 66171 1
483 0 44118 1
483 0 94018 1
484 0 86435 1
484 0 93895 1
484 0 28465 1
485 0 21023 1
485 0 62365 1
485 0 28422 1
485 0 23398 1
485 0 9823 1
485 0 2264 1
485 0 32188 1
486 0 66983 1
486 0 27552 1
486 0 85059 1
486 0 25932 1
486 0 7370 1
486 0 72686 1
486 0 81434 1
486 0 88106 1
486 0 40103 1
486 0 75447 1
486 0 36489 1
487 0 89369 1
487 0 40383 1
487 0 55466 1
487 0 75443 1
487 0 41314 1
487 0 87083 1
487 0 65523 1
487 0 90092 1
487 0 40414 1
487 0 76019 1
487 0 22859 1
490 0 74680 1
490 0 58315 1
490 0 267 1
490 0 40548 1
491 0 47269 1
491 0 51085 1
491 0 32745 1
491 0 39753 1
491 0 34668 1
491 0 44536 1
491 0 85878 1
493 0 2722 1
493 0 49469 1
493 0 28437 1
493 0 61222 1
493 0 51322 1
493 0 46797 1
494 0 19202 1
494 0 27288 1
494 0 314 1
494 0 34385 1
494 0 36652 1
494 0 86840 1
495 0 99285 1
495 0 76155 1
496 0 50205 1
496 0 51568 1
496 0 22960 1
496 0 17056 1
496 0 45208 1
497 0 76948 1
497 0 22593 1
497 0 73949 1
497 0 82894 1
497 0 57492 1
497 0 10106 1
497 0 12564 1
497 0 27104 1
497 0 68061 1
498 0 91248 1
498 0 1611 1
498 0 73807 1
498 0 81755 1
498 0 57104 1
499 0 854 1
499 0 90618 1
499 0 75838 1
499 0 41589 1
499 0 36544 1
499 0 69120 1
499 0 8925 1
500 0 42282 1
500 0 35629 1
500 0 24089 1
500 0 18850 1
500 0 86640 1
501 0 57082 1
501 0 87648 1
501 0 67078 1
501 0 70846 1
501 0 82885 1
501 0 84820 1
502 0 44045 1
502 0 48895 1
503 0 67230 1
503 0 8700 1
503 0 32857 1
503 0 72246 1
503 0 8230 1
503 0 8384 1
503 0 45014 1
503 0 25552 1
503 0 4778 1
503 0 46596 1
505 0 23043 1
505 0 96676 1
505 0 93727 1
505 0 17907 1
505 0 81813 1
505 0 92180 1
505 0 63541 1
505 0 94409 1
506 0 66663 1
506 0 89480 1
506 0 51334 1
506 0 47975 1
507 0 44076 1
507 0 79440 1
507 0 42295 1
509 0 30283 1
509 0 59620 1
509 0 84930 1
509 0 82535 1
509 0 3371 1
509 0 88026 1
509 0 43131 1
509 0 94110 1
511 0 35204 1
511 0 55458 1
511 0 58363 1
511 0 88978 1
511 0 48650 1
512 0 2839 1
512 0 6232 1
512 0 83428 1
512 0 73663 1
512 0 92314 1
512 0 12091 1
513 0 30039 1
513 0 27115 1
513 0 58315 1
513 0 40848 1
513 0 18458 1
513 0 56835 1
513 0 7191 1
514 0 26905 1
514 0 58828 1
514 0 59859 1
514 0 87366 1
514 0 18551 1
514 0 53439 1
514 0 45453 1
515 0 86728 1
515 0 27128 1
515 0 82215 1
515 0 12008 1
515 0 16444 1
515 0 9102 1
515 0 33213 1
515 0 72822 1
516 0 8996 1
516 0 17900 1
516 0 87310 1
516 0 28642 1
516 0 19825 1
516 0 59576 1
517 0 67431 1
517 0 43080 1
517 0 86130 1
517 0 63369 1
517 0 46172 1
517 0 89082 1
517 0 77135 1
517 0 81118 1
519 0 62838 1
519 0 1438 1
519 0 72732 1
519 0 73078 1
519 0 6229 1
519 0 32525 1
519 0 27467 1
520 0 67997 1
520 0 32000 1
520 0 8240 1
520 0 25325 1
520 0 94543 1
521 0 9245 1
521 0 56712 1
521 0 26034 1
521 0 41021 1
521 0 2919 1
521 0 81646 1
521 0 77682 1
521 0 88947 1
521 0 13022 1
523 0 45570 1
523 0 13287 1
523 0 13281 1
523 0 47421 1
523 0 13889 1
523 0 31647 1
523 0 29325 1
523 0 25246 1
523 0 26534 1
523 0 92757 1
524 0 5677 1
524 0 72501 1
524 0 15107 1
524 0 63730 1
525 0 40067 1
525 0 36270 1
525 0 96153 1
525 0 75030 1
525 0 29098 1
525 0 9228 1
525 0 10292 1
525 0 10395 1
525 0 95720 1
527 0 5290 1
527 0 67072 1
527 0 67332 1
527 0 61938 1
527 0 97353 1
527 0 40035 1
527 0 73317 1
528 0 61753 1
528 0 63163 1
528 0 6178 1
528 0 100033 1
528 0 50583 1
528 0 56811 1
528 0 41921 1
529 0 39570 1
529 0 26114 1
529 0 66694 1
529 0 80096 1
529 0 86908 1
529 0 37638 1
530 0 49129 1
530 0 45829 1
530 0 5500 1
530 0 54337 1
530 0 84577 1
530 0 12989 1
530 0 92388 1
530 0 61714 1
532 0 78205 1
532 0 50199 1
532 0 17246 1
532 0 28073 1
533 0 94979 1
533 0 33240 1
533 0 6739 1
533 0 53591 1
533 0 22122 1
534 0 64883 1
534 0 14785 1
534 0 80278 1
534 0 29928 1
534 0 83564 1
534 0 13228 1
534 0 42249 1
534 0 45728 1
534 0 75843 1
535 0 70097 1
535 0 60046 1
535 0 39068 1
535 0 17028 1
535 0 42792 1
535 0 87584 1
535 0 46259 1
537 0 32366 1
537 0 77808 1
537 0 93941 1
537 0 30018 1
537 0 56292 1
537 0 54288 1
538 0 96983 1
538 0 92218 1
538 0 57138 1
538 0 64871 1
538 0 23604 1
538 0 89178 1
538 0 20843 1
538 0 55634 1
538 0 28231 1
538 0 26293 1
538 0 1191 1
539 0 67192 1
539 0 13911 1
539 0 51764 1
539 0 95939 1
539 0 62962 1
539 0 66261 1
540 0 88875 1
540 0 51722 1
540 0 82404 1
540 0 23400 1
540 0 63604 1
540 0 69992 1
540 0 66442 1
540 0 74403 1
542 0 30575 1
542 0 3752 1
542 0 58280 1
542 0 96229 1
542 0 72257 1
542 0 4615 1
543 0 73145 1
543 0 6053 1
543 0 42362 1
543 0 81067 1
543 0 71788 1
543 0 46030 1
544 0 6089 1
544 0 26856 1
544 0 45848 1
544 0 17057 1
544 0 81642 1
544 0 31422 1
544 0 56419 1
544 0 91460 1
546 0 38231 1
546 0 84118 1
546 0 92889 1
546 0 59167 1
546 0 84585 1
546 0 71159 1
546 0 4975 1
548 0 43760 1
548 0 46178 1
548 0 99202 1
548 0 58539 1
548 0 37734 1
548 0 96108 1
548 0 52032 1
548 0 30943 1
548 0 11704 1
548 0 36833 1
549 0 74667 1
549 0 21630 1
550 0 96816 1
550 0 30614 1
550 0 72706 1
551 0 95533 1
551 0 7220 1
551 0 11028 1
551 0 17810 1
551 0 20776 1
551 0 43960 1
551 0 34061 1
551 0 83224 1
552 0 91738 1
552 0 73233 1
552 0 9114 1
552 0 72469 1
552 0 74790 1
553 0 23121 1
553 0 42392 1
553 0 87391 1
553 0 18462 1
553 0 33334 1
553 0 54431 1
555 0 9454 1
555 0 23031 1
555 0 17959 1
555 0 39457 1
555 0 27757 1
555 0 3212 1
555 0 42560 1
555 0 7247 1
556 0 84412 1
556 0 83067 1
556 0 50715 1
558 0 20026 1
558 0 72499 1
558 0 15756 1
558 0 93625 1
558 0 60765 1
558 0 69043 1
560 0 1635 1
560 0 35102 1
560 0 99336 1
560 0 25134 1
560 0 96157 1
560 0 10385 1
560 0 27007 1
561 0 9201 1
561 0 5310 1
561 0 63504 1
561 0 73326 1
561 0 75394 1
561 0 72594 1
561 0 86444 1
562 0 66695 1
562 0 95096 1
562 0 40672 1
562 0 94790 1
257 0 17237 1
257 0 91162 1
257 0 67952 1
257 0 33523 1
257 0 17026 1
261 0 35398 1
261 0 28761 1
261 0 39924 1
261 0 88698 1
262 0 18578 1
262 0 70318 1
262 0 63409 1
263 0 69687 1
263 0 59588 1
263 0 40256 1
263 0 22105 1
263 0 91323 1
263 0 38941 1
263 0 51238 1
264 0 33245 1
264 0 83375 1
264 0 4669 1
264 0 42784 1
264 0 29480 1
264 0 63277 1
265 0 94744 1
265 0 1753 1
265 0 17559 1
265 0 9660 1
266 0 84916 1
267 0 39664 1
267 0 127 1
267 0 42253 1
267 0 37669 1
267 0 58332 1
267 0 77626 1
268 0 77175 1
268 0 7388 1
268 0 23014 1
268 0 9984 1
268 0 48546 1
268 0 93453 1
268 0 24426 1
268 0 18645 1
268 0 41097 1
268 0 79825 1
270 0 86578 1
270 0 277 1
270 0 45139 1
270 0 51585 1
275 0 1845 1
275 0 44812 1
275 0 70632 1
275 0 71771 1
275 0 66322 1
276 0 69500 1
276 0 74101 1
276 0 87377 1
276 0 2241 1
278 0 40381 1
278 0 6721 1
278 0 81948 1
278 0 39373 1
278 0 69795 1
279 0 88828 1
279 0 90327 1
279 0 29103 1
279 0 32122 1
279 0 25468 1
280 0 4658 1
280 0 21602 1
280 0 27112 1
280 0 42057 1
280 0 20924 1
280 0 50476 1
280 0 60234 1
280 0 22352 1
282 0 66867 1
282 0 64312 1
282 0 78675 1
282 0 45388 1
283 0 64640 1
283 0 55819 1
283 0 20381 1
283 0 82489 1
283 0 63344 1
283 0 21767 1
283 0 17493 1
283 0 68272 1
283 0 42572 1
284 0 60019 1
284 0 87567 1
284 0 56632 1
284 0 19171 1
284 0 10447 1
284 0 37162 1
284 0 5890 1
284 0 76711 1
284 0 87577 1
284 0 86403 1
285 0 9606 1
285 0 8720 1
285 0 26507 1
285 0 28613 1
285 0 49399 1
285 0 72366 1
286 0 49426 1
286 0 85107 1
286 0 38740 1
287 0 85242 1
287 0 87880 1
287 0 62806 1
288 0 87782 1
288 0 6895 1
288 0 99006 1
288 0 18696 1
288 0 28521 1
289 0 23585 1
289 0 40897 1
289 0 47650 1
289 0 34975 1
291 0 38712 1
291 0 93208 1
291 0 70545 1
291 0 3748 1
293 0 80442 1
293 0 80395 1
293 0 11162 1
293 0 60295 1
294 0 96213 1
294 0 37523 1
294 0 55751 1
294 0 7126 1
295 0 25661 1
295 0 54614 1
295 0 44116 1
295 0 54242 1
295 0 41320 1
295 0 15838 1
295 0 51556 1
295 0 90307 1
295 0 56629 1
295 0 29969 1
297 0 88016 1
297 0 63152 1
297 0 73686 1
297 0 98749 1
297 0 74795 1
297 0 10593 1
297 0 77093 1
297 0 82360 1
298 0 37873 1
298 0 71221 1
298 0 40901 1
298 0 91222 1
298 0 76872 1
298 0 51962 1
298 0 28663 1
298 0 79377 1
298 0 23362 1
298 0 32474 1
299 0 6342 1
299 0 64490 1
299 0 49295 1
299 0 6614 1
299 0 48319 1
299 0 10230 1
299 0 95218 1
299 0 97387 1
299 0 22057 1
299 0 7958 1
301 0 64030 1
301 0 90657 1
301 0 85031 1
301 0 45331 1
301 0 33448 1
303 0 99217 1
303 0 76523 1
303 0 71760 1
303 0 84863 1
303 0 22032 1
303 0 87072 1
303 0 10093 1
304 0 92272 1
304 0 82824 1
304 0 26243 1
304 0 2704 1
304 0 84135 1
304 0 36014 1
304 0 60631 1
305 0 23800 1
305 0 34576 1
305 0 12209 1
305 0 4866 1
305 0 33512 1
305 0 23397 1
305 0 9014 1
305 0 37356 1
308 0 15409 1
308 0 83572 1
308 0 62787 1
308 0 43174 1
308 0 81973 1
308 0 78001 1
308 0 91979 1
309 0 87041 1
309 0 18128 1
309 0 75064 1
310 0 16347 1
310 0 41815 1
311 0 14444 1
311 0 68674 1
311 0 48348 1
311 0 12999 1
311 0 33204 1
311 0 26050 1
311 0 7541 1
311 0 48200 1
314 0 63586 1
314 0 28835 1
314 0 39424 1
315 0 54149 1
315 0 59824 1
315 0 91767 1
315 0 25584 1
315 0 30687 1
317 0 63819 1
317 0 10780 1
319 0 74488 1
319 0 32978 1
319 0 88910 1
319 0 75398 1
319 0 56760 1
319 0 41926 1
320 0 59978 1
320 0 42403 1
320 0 16825 1
320 0 64918 1
320 0 33879 1
322 0 46410 1
322 0 63052 1
322 0 46495 1
322 0 8221 1
322 0 78354 1
323 0 1 1
323 0 59607 1
323 0 43398 1
323 0 77548 1
324 0 42885 1
324 0 77406 1
324 0 24297 1
324 0 9722 1
324 0 93649 1
324 0 54231 1
324 0 85213 1
324 0 4649 1
324 0 99879 1
327 0 35535 1
327 0 70525 1
327 0 71185 1
327 0 1842 1
327 0 22693 1
327 0 48178 1
327 0 66232 1
327 0 57534 1
328 0 72989 1
328 0 79311 1
328 0 24343 1
328 0 7356 1
328 0 98634 1
328 0 15549 1
328 0 22697 1
328 0 1429 1
328 0 73489 1
330 0 85872 1
330 0 77702 1
330 0 76388 1
330 0 61149 1
330 0 74019 1
330 0 79565 1
331 0 87230 1
331 0 70445 1
331 0 40697 1
331 0 24301 1
331 0 515 1
333 0 59751 1
333 0 59218 1
333 0 88879 1
335 0 54071 1
335 0 93017 1
335 0 368 1
335 0 3339 1
335 0 36350 1
335 0 77607 1
337 0 30559 1
337 0 61984 1
337 0 93587 1
337 0 29714 1
337 0 50198 1
342 0 63170 1
342 0 51383 1
342 0 3835 1
342 0 7507 1
342 0 27287 1
342 0 64023 1
342 0 56512 1
342 0 43460 1
342 0 7642 1
342 0 42825 1
342 0 56147 1
347 0 17191 1
347 0 46759 1
347 0 85750 1
347 0 17597 1
347 0 56276 1
347 0 8392 1
349 0 57264 1
349 0 59431 1
349 0 77108 1
349 0 35275 1
350 0 16622 1
350 0 92612 1
350 0 58420 1
350 0 11475 1
350 0 43063 1
350 0 5426 1
350 0 17047 1
350 0 16015 1
351 0 63024 1
351 0 33611 1
351 0 50448 1
351 0 97091 1
351 0 7874 1
351 0 98924 1
351 0 22808 1
353 0 26789 1
353 0 94079 1
353 0 24767 1
354 0 40658 1
354 0 7093 1
356 0 74612 1
356 0 38409 1
357 0 55779 1
357 0 77588 1
357 0 52757 1
357 0 1723 1
357 0 6689 1
357 0 22832 1
362 0 79327 1
362 0 73944 1
362 0 43252 1
362 0 60887 1
362 0 63093 1
362 0 65225 1
362 0 32785 1
364 0 85547 1
364 0 62851 1
364 0 86956 1
364 0 56390 1
364 0 56909 1
364 0 72848 1
364 0 47063 1
364 0 77775 1
41 0 65939 1
41 0 61457 1
41 0 86332 1
41 0 26978 1
41 0 27510 1
41 0 30888 1
41 0 10179 1
46 0 91924 1
46 0 87642 1
46 0 97202 1
46 0 2614 1
46 0 96908 1
46 0 3062 1
49 0 69481 1
49 0 38561 1
49 0 55733 1
49 0 56537 1
49 0 92385 1
50 0 6493 1
50 0 2027 1
50 0 96988 1
50 0 10721 1
50 0 22928 1
51 0 25391 1
51 0 31669 1
51 0 29230 1
51 0 79668 1
51 0 98629 1
51 0 43907 1
51 0 69172 1
52 0 19269 1
52 0 65779 1
52 0 68227 1
52 0 57982 1
52 0 37532 1
52 0 25580 1
52 0 83696 1
52 0 5409 1
52 0 46080 1
53 0 89676 1
53 0 18119 1
53 0 90304 1
53 0 66659 1
53 0 24189 1
53 0 28605 1
54 0 40554 1
54 0 91728 1
54 0 67960 1
54 0 35541 1
54 0 73839 1
54 0 82566 1
54 0 36969 1
55 0 36115 1
55 0 12121 1
55 0 22226 1
55 0 44223 1
55 0 73130 1
55 0 50920 1
56 0 17156 1
56 0 51279 1
56 0 74377 1
56 0 88913 1
56 0 11273 1
58 0 79075 1
58 0 28406 1
58 0 30746 1
58 0 69813 1
58 0 15912 1
58 0 61575 1
58 0 4262 1
58 0 4619 1
59 0 85677 1
59 0 31513 1
59 0 40845 1
59 0 44934 1
59 0 83712 1
60 0 9436 1
60 0 79281 1
60 0 44056 1
60 0 15125 1
61 0 11492 1
61 0 87038 1
61 0 83844 1
61 0 53730 1
62 0 97053 1
62 0 70793 1
62 0 60449 1
62 0 98022 1
62 0 18500 1
62 0 66377 1
62 0 36136 1
62 0 90360 1
62 0 77697 1
62 0 96362 1
62 0 72281 1
63 0 93368 1
63 0 48803 1
63 0 12139 1
63 0 8602 1
63 0 52454 1
63 0 26627 1
63 0 80737 1
63 0 39357 1
64 0 50486 1
64 0 10744 1
64 0 81158 1
64 0 75973 1
67 0 82352 1
67 0 68508 1
68 0 50980 1
68 0 92010 1
68 0 30298 1
69 0 86999 1
69 0 98058 1
69 0 72360 1
70 0 29833 1
70 0 3055 1
70 0 54811 1
70 0 44313 1
70 0 56926 1
70 0 59145 1
70 0 37947 1
70 0 62189 1
70 0 32115 1
70 0 56616 1
70 0 39636 1
71 0 15985 1
71 0 38660 1
71 0 1893 1
71 0 94258 1
71 0 10907 1
72 0 62716 1
72 0 64853 1
72 0 86536 1
72 0 27372 1
72 0 4385 1
72 0 8825 1
72 0 49319 1
72 0 88504 1
72 0 97588 1
74 0 3173 1
74 0 41236 1
74 0 69508 1
74 0 50713 1
74 0 84870 1
74 0 72667 1
563 0 96216 1
563 0 43686 1
563 0 59165 1
563 0 17023 1
568 0 83506 1
568 0 96982 1
568 0 35692 1
568 0 72844 1
568 0 52229 1
568 0 55937 1
568 0 45571 1
568 0 68220 1
568 0 17487 1
569 0 53224 1
569 0 55065 1
569 0 25380 1
569 0 47480 1
570 0 79493 1
570 0 1433 1
570 0 59655 1
570 0 80507 1
570 0 28429 1
570 0 78570 1
570 0 48081 1
570 0 16830 1
571 0 19515 1
571 0 94585 1
571 0 71591 1
571 0 77648 1
572 0 76409 1
572 0 66105 1
572 0 60971 1
572 0 36603 1
575 0 20878 1
575 0 28343 1
575 0 82182 1
575 0 75113 1
575 0 4057 1
576 0 52619 1
576 0 71820 1
576 0 79997 1
576 0 42114 1
577 0 27374 1
577 0 74604 1
579 0 47156 1
579 0 34871 1
579 0 14066 1
579 0 38731 1
579 0 12761 1
579 0 3324 1
580 0 35134 1
580 0 73919 1
580 0 78633 1
580 0 10836 1
580 0 47515 1
581 0 75684 1
581 0 78648 1
581 0 80624 1
582 0 34248 1
582 0 96976 1
582 0 80375 1
582 0 87432 1
582 0 4091 1
582 0 52572 1
582 0 76200 1
582 0 81260 1
582 0 74180 1
583 0 996 1
583 0 2463 1
583 0 85177 1
584 0 11056 1
584 0 60695 1
584 0 40544 1
584 0 99269 1
587 0 17354 1
587 0 58536 1
587 0 85723 1
587 0 42468 1
587 0 75383 1
588 0 26853 1
588 0 40871 1
588 0 17210 1
590 0 2887 1
590 0 57972 1
590 0 5362 1
590 0 78761 1
590 0 68208 1
590 0 55495 1
590 0 20880 1
590 0 61135 1
591 0 91296 1
591 0 17924 1
591 0 86424 1
591 0 74343 1
591 0 12762 1
591 0 37403 1
592 0 50347 1
592 0 78480 1
592 0 81407 1
592 0 7970 1
592 0 66516 1
592 0 82785 1
592 0 69812 1
592 0 4813 1
593 0 54532 1
593 0 64506 1
593 0 79594 1
593 0 43768 1
594 0 9628 1
594 0 84521 1
594 0 35501 1
594 0 75808 1
594 0 91368 1
595 0 34316 1
595 0 71736 1
595 0 13364 1
595 0 21049 1
595 0 27325 1
596 0 35680 1
596 0 33831 1
596 0 12909 1
596 0 50064 1
596 0 47938 1
596 0 33175 1
596 0 23829 1
598 0 20111 1
598 0 88838 1
598 0 87834 1
598 0 52868 1
598 0 91075 1
598 0 64919 1
599 0 887 1
599 0 12372 1
599 0 40763 1
600 0 82294 1
600 0 47453 1
600 0 33350 1
601 0 27840 1
601 0 66426 1
601 0 44168 1
601 0 66307 1
601 0 41173 1
601 0 94946 1
602 0 16178 1
602 0 26766 1
602 0 5619 1
602 0 9494 1
602 0 5990 1
602 0 10659 1
602 0 55283 1
603 0 86682 1
603 0 2316 1
603 0 29636 1
603 0 8401 1
603 0 24302 1
603 0 7988 1
603 0 63174 1
605 0 47140 1
605 0 57487 1
605 0 74324 1
607 0 66885 1
607 0 95214 1
607 0 44205 1
607 0 23485 1
610 0 23566 1
610 0 20024 1
610 0 34415 1
611 0 25113 1
611 0 79747 1
611 0 26881 1
611 0 73361 1
611 0 4811 1
611 0 63880 1
614 0 56869 1
614 0 69505 1
614 0 59177 1
614 0 23540 1
614 0 60051 1
614 0 63228 1
618 0 79680 1
618 0 88958 1
618 0 84429 1
618 0 75428 1
618 0 43901 1
618 0 85903 1
618 0 43108 1
618 0 51187 1
618 0 9058 1
618 0 12133 1
618 0 90184 1
618 0 52327 1
618 0 11557 1
619 0 10137 1
619 0 76393 1
619 0 74406 1
619 0 74479 1
619 0 45652 1
620 0 26050 1
620 0 51799 1
620 0 2809 1
620 0 58869 1
620 0 22595 1
621 0 23063 1
621 0 98199 1
621 0 55269 1
621 0 67532 1
621 0 13173 1
621 0 27493 1
624 0 16931 1
624 0 63762 1
624 0 74144 1
624 0 67367 1
625 0 23833 1
625 0 6235 1
625 0 23513 1
625 0 65666 1
625 0 40691 1
625 0 5179 1
627 0 60455 1
627 0 29578 1
627 0 22294 1
628 0 4965 1
628 0 93131 1
628 0 48195 1
628 0 93185 1
628 0 4257 1
628 0 58431 1
629 0 61902 1
629 0 16548 1
629 0 66364 1
629 0 3790 1
629 0 48935 1
629 0 21745 1
630 0 58222 1
630 0 51364 1
630 0 67829 1
630 0 6758 1
630 0 53800 1
630 0 40149 1
631 0 72028 1
631 0 29447 1
631 0 75850 1
631 0 36831 1
632 0 52135 1
632 0 21553 1
632 0 22191 1
632 0 23479 1
632 0 72814 1
633 0 43380 1
633 0 48589 1
633 0 48497 1
633 0 18102 1
633 0 90911 1
635 0 332 1
635 0 94290 1
635 0 94439 1
635 0 33399 1
636 0 19992 1
636 0 68465 1
636 0 62889 1
637 0 89838 1
637 0 59922 1
637 0 4198 1
637 0 25759 1
638 0 16540 1
638 0 47422 1
638 0 55484 1
638 0 93505 1
638 0 17161 1
638 0 18046 1
639 0 98388 1
639 0 31584 1
639 0 62478 1
639 0 92091 1
639 0 13127 1
639 0 5784 1
639 0 58107 1
642 0 57865 1
642 0 91266 1
642 0 5550 1
642 0 6857 1
642 0 13336 1
642 0 33711 1
642 0 71755 1
642 0 85794 1
643 0 17183 1
643 0 73877 1
643 0 83797 1
643 0 59631 1
644 0 24098 1
644 0 39245 1
644 0 56071 1
644 0 16344 1
644 0 15808 1
645 0 22840 1
645 0 56245 1
645 0 97551 1
645 0 68416 1
645 0 28183 1
650 0 26086 1
650 0 89833 1
650 0 78442 1
650 0 11641 1
651 0 8442 1
651 0 98083 1
651 0 61958 1
651 0 90246 1
651 0 53485 1
652 0 53560 1
652 0 8197 1
652 0 20828 1
652 0 29832 1
652 0 91987 1
653 0 61164 1
653 0 93159 1
653 0 42955 1
655 0 71127 1
661 0 77279 1
661 0 799 1
661 0 17046 1
661 0 95180 1
661 0 3747 1
661 0 29104 1
661 0 19286 1
662 0 46394 1
662 0 6787 1
662 0 11147 1
662 0 42773 1
662 0 13624 1
662 0 49088 1
662 0 7892 1
662 0 1548 1
664 0 82533 1
664 0 77174 1
664 0 5719 1
664 0 72871 1
664 0 46389 1
665 0 82104 1
665 0 16315 1
665 0 59352 1
665 0 72954 1
666 0 23285 1
666 0 9194 1
666 0 67503 1
666 0 15684 1
666 0 26228 1
666 0 15131 1
666 0 73671 1
666 0 64862 1
669 0 48442 1
669 0 56843 1
669 0 17034 1
669 0 1406 1
669 0 45629 1
669 0 99404 1
670 0 63358 1
670 0 93664 1
670 0 20812 1
670 0 14924 1
670 0 56987 1
670 0 6047 1
1174 0 24448 1
1174 0 21511 1
1174 0 40627 1
1174 0 79476 1
1174 0 624 1
1174 0 99993 1
1174 0 83942 1
1174 0 65416 1
1174 0 7478 1
1174 0 75365 1
1176 0 45793 1
1176 0 9196 1
1176 0 95871 1
1176 0 99464 1
1176 0 77635 1
1176 0 49217 1
1176 0 78830 1
1176 0 50783 1
1177 0 80341 1
1177 0 16688 1
1177 0 18608 1
1177 0 14489 1
1177 0 16691 1
1177 0 67686 1
1177 0 10167 1
1177 0 90278 1
1179 0 11859 1
1179 0 55864 1
1179 0 78420 1
1179 0 26778 1
1179 0 35599 1
1179 0 64402 1
1179 0 74760 1
1182 0 31750 1
1182 0 66607 1
1182 0 64544 1
1182 0 90994 1
1182 0 63265 1
1182 0 29567 1
1182 0 50596 1
1182 0 95155 1
1182 0 88239 1
1184 0 32348 1
1184 0 47385 1
1184 0 73192 1
1184 0 89637 1
1184 0 75562 1
1184 0 82762 1
1185 0 58097 1
1185 0 88726 1
1185 0 33258 1
1187 0 17532 1
1187 0 93861 1
1187 0 2707 1
1187 0 13731 1
1187 0 82588 1
1187 0 57408 1
1187 0 40962 1
1187 0 71812 1
1187 0 25948 1
1188 0 41545 1
1188 0 75655 1
1188 0 90842 1
1188 0 85268 1
1188 0 73991 1
1188 0 95805 1
1188 0 64235 1
1188 0 6764 1
1188 0 82596 1
1190 0 27854 1
1190 0 7212 1
1190 0 75003 1
1190 0 9626 1
1190 0 35750 1
1190 0 68479 1
1190 0 15376 1
1190 0 14740 1
1190 0 56951 1
1190 0 85240 1
1190 0 233 1
1190 0 45299 1
1191 0 95397 1
1191 0 54132 1
1191 0 26287 1
1191 0 95687 1
1191 0 9764 1
1191 0 29784 1
1191 0 47424 1
1192 0 84822 1
1192 0 16163 1
1192 0 27902 1
1192 0 25180 1
1192 0 6858 1
1192 0 43713 1
1192 0 85214 1
1192 0 15745 1
1192 0 54281 1
1193 0 69246 1
1193 0 63423 1
1193 0 65534 1
1193 0 25856 1
1193 0 25822 1
1193 0 56272 1
1193 0 17463 1
1193 0 95486 1
1194 0 27365 1
1194 0 49525 1
1194 0 70421 1
1194 0 41988 1
1194 0 28798 1
1194 0 58779 1
1194 0 9617 1
1194 0 61619 1
1194 0 80357 1
1194 0 1912 1
1195 0 61113 1
1195 0 40309 1
1195 0 27736 1
1195 0 98031 1
1195 0 3574 1
1195 0 13919 1
1195 0 49108 1
1196 0 34869 1
1196 0 5952 1
1196 0 99390 1
1196 0 1863 1
1198 0 83077 1
1198 0 90983 1
1198 0 59747 1
1198 0 68872 1
1198 0 30814 1
1198 0 73071 1
1198 0 52435 1
1200 0 16104 1
1200 0 43062 1
1200 0 39530 1
1200 0 65040 1
1200 0 60555 1
1200 0 28921 1
1200 0 81321 1
1200 0 36548 1
1200 0 90449 1
1201 0 35047 1
1201 0 26249 1
1201 0 81694 1
1201 0 2415 1
1201 0 2629 1
1203 0 39606 1
1203 0 16289 1
1203 0 37838 1
1203 0 31315 1
1203 0 2566 1
1203 0 17100 1
1203 0 43945 1
1203 0 28130 1
1204 0 31315 1
1204 0 74480 1
1204 0 26540 1
1204 0 33229 1
1204 0 45904 1
1206 0 7581 1
1206 0 27213 1
1206 0 75010 1
1207 0 61342 1
1207 0 9269 1
1207 0 80712 1
1207 0 17736 1
1207 0 12447 1
1207 0 79953 1
1207 0 87579 1
1207 0 86392 1
1207 0 90681 1
1208 0 22997 1
1208 0 99079 1
1208 0 40083 1
1208 0 14727 1
1208 0 83221 1
1208 0 38185 1
1209 0 1288 1
1209 0 69713 1
1209 0 57754 1
1209 0 90229 1
1209 0 7144 1
1209 0 86440 1
1209 0 58620 1
1209 0 38759 1
1210 0 24533 1
1210 0 98374 1
1210 0 56992 1
1210 0 23629 1
1210 0 63724 1
1211 0 54897 1
1211 0 26826 1
1211 0 50724 1
1211 0 25252 1
1211 0 36534 1
1211 0 52367 1
1212 0 32778 1
1212 0 82735 1
1212 0 18901 1
1212 0 65045 1
1212 0 29675 1
1213 0 23183 1
1213 0 3930 1
1213 0 48565 1
1213 0 89338 1
1213 0 33282 1
1213 0 26290 1
1214 0 7433 1
1214 0 46588 1
1214 0 2945 1
1214 0 99948 1
1214 0 87602 1
1214 0 16319 1
1214 0 64803 1
1214 0 41071 1
1214 0 90780 1
1215 0 7895 1
1215 0 11987 1
1215 0 18644 1
1215 0 3915 1
1215 0 85267 1
1215 0 29996 1
1215 0 15924 1
1215 0 39619 1
1216 0 24176 1
1216 0 87885 1
1216 0 21964 1
1216 0 41119 1
1216 0 8228 1
1217 0 40894 1
1217 0 33408 1
1217 0 23769 1
1217 0 87544 1
1217 0 88826 1
1217 0 40041 1
1217 0 16640 1
1217 0 37818 1
1217 0 5398 1
1217 0 79760 1
1217 0 44245 1
1217 0 86684 1
1218 0 79637 1
1218 0 59130 1
1218 0 85808 1
1218 0 3745 1
1218 0 23372 1
1218 0 35706 1
1218 0 66538 1
1219 0 40166 1
1219 0 4877 1
1219 0 31336 1
1219 0 93545 1
1219 0 98661 1
1219 0 43415 1
1219 0 50173 1
1219 0 20125 1
1219 0 13006 1
1220 0 2558 1
1220 0 43209 1
1220 0 46015 1
1220 0 39364 1
1220 0 15716 1
1220 0 22761 1
1220 0 85910 1
1220 0 59983 1
1220 0 15859 1
1220 0 82646 1
1220 0 31595 1
1221 0 91604 1
1221 0 93140 1
1221 0 89342 1
1221 0 46544 1
1221 0 7910 1
1221 0 14507 1
1222 0 40373 1
1222 0 2825 1
1222 0 526 1
1222 0 55998 1
1222 0 48611 1
1222 0 88351 1
1223 0 70251 1
1223 0 58382 1
1223 0 17909 1
1223 0 75486 1
1223 0 39408 1
1223 0 74855 1
1223 0 58669 1
1223 0 19804 1
1223 0 10149 1
1224 0 66589 1
1224 0 71457 1
1224 0 86160 1
1224 0 30770 1
1224 0 45206 1
1224 0 82345 1
1224 0 42645 1
1224 0 72114 1
1225 0 93359 1
1225 0 68549 1
1225 0 19143 1
1225 0 31007 1
1225 0 68414 1
1225 0 32295 1
1225 0 84723 1
1225 0 55747 1
1225 0 56407 1
1225 0 97270 1
1226 0 66144 1
1226 0 70149 1
1226 0 18216 1
1226 0 95924 1
1227 0 25768 1
1227 0 90285 1
1227 0 17043 1
1227 0 26173 1
1227 0 45731 1
1227 0 68914 1
1227 0 83874 1
1227 0 58687 1
1227 0 15976 1
1228 0 87726 1
1228 0 25802 1
1228 0 33568 1
1228 0 44107 1
1228 0 73011 1
1228 0 95792 1
1228 0 48291 1
1228 0 78137 1
1230 0 98819 1
1230 0 36417 1
1230 0 86855 1
1230 0 8100 1
1230 0 76017 1
1230 0 40498 1
1231 0 6529 1
1231 0 55745 1
1231 0 50204 1
1231 0 32623 1
1232 0 11500 1
1232 0 40392 1
1232 0 25585 1
1232 0 91600 1
1232 0 46523 1
1233 0 78167 1
1233 0 9865 1
1233 0 7214 1
1233 0 30802 1
1233 0 37466 1
1234 0 1357 1
1234 0 19739 1
1234 0 21709 1
1234 0 83164 1
1234 0 38645 1
1234 0 93660 1
1234 0 61527 1
1234 0 46715 1
1234 0 44585 1
1234 0 409 1
1235 0 17054 1
1235 0 47772 1
1235 0 44448 1
1235 0 7545 1
1235 0 37746 1
1235 0 61503 1
1235 0 22453 1
1235 0 2817 1
1235 0 81022 1
1235 0 90980 1
1236 0 11134 1
1236 0 73049 1
1236 0 1984 1
1236 0 57147 1
1236 0 77559 1
1236 0 4509 1
1236 0 26056 1
1236 0 6877 1
1237 0 35932 1
1237 0 29583 1
1237 0 31349 1
1237 0 15631 1
1237 0 22878 1
1237 0 1763 1
1237 0 67433 1
1237 0 21205 1
1238 0 41808 1
1238 0 67664 1
1238 0 84474 1
1238 0 4444 1
1239 0 81986 1
1239 0 60995 1
1239 0 78318 1
1239 0 34557 1
1239 0 7108 1
1239 0 59761 1
1239 0 58196 1
1239 0 94312 1
1239 0 59886 1
1240 0 866 1
1240 0 75499 1
1240 0 92632 1
1240 0 65768 1
1240 0 79910 1
1240 0 65686 1
1240 0 27544 1
1240 0 60569 1
1240 0 68317 1
1242 0 54852 1
1242 0 85977 1
1242 0 91484 1
1242 0 81964 1
1242 0 64319 1
1243 0 70561 1
1243 0 78137 1
1243 0 12634 1
1243 0 96626 1
1243 0 65475 1
1243 0 74597 1
1246 0 4623 1
1246 0 9268 1
1246 0 38694 1
1246 0 74064 1
1246 0 47233 1
1246 0 8310 1
1246 0 4168 1
1246 0 75029 1
1247 0 43599 1
1247 0 25640 1
1247 0 46125 1
1247 0 91615 1
1247 0 35246 1
1247 0 78663 1
1247 0 84288 1
1247 0 49311 1
1248 0 97224 1
1248 0 39020 1
1248 0 93201 1
1248 0 48055 1
1248 0 16 1
1248 0 57134 1
1248 0 41500 1
1248 0 56506 1
1248 0 27996 1
1248 0 957 1
1249 0 22050 1
1249 0 2266 1
1249 0 42464 1
1249 0 84298 1
1249 0 78744 1
1250 0 11707 1
1250 0 71593 1
1250 0 5322 1
1250 0 46466 1
1250 0 20818 1
1250 0 12767 1
1252 0 30010 1
1252 0 19476 1
1252 0 68030 1
1252 0 79343 1
1252 0 45590 1
1252 0 55055 1
1252 0 70068 1
1252 0 87119 1
1253 0 81417 1
1253 0 79619 1
1253 0 90680 1
1253 0 9712 1
1253 0 61008 1
1253 0 55962 1
1253 0 46338 1
1253 0 82503 1
1254 0 8742 1
1254 0 5110 1
1254 0 88261 1
1254 0 86817 1
1254 0 3812 1
1254 0 76280 1
1254 0 74430 1
1257 0 86876 1
1257 0 14721 1
1257 0 69351 1
1257 0 17321 1
1257 0 97679 1
1258 0 49409 1
1258 0 74784 1
1258 0 74148 1
1258 0 47165 1
1258 0 64347 1
1258 0 33398 1
1258 0 41898 1
1258 0 49188 1
1258 0 89133 1
1258 0 17472 1
1258 0 21313 1
1259 0 89819 1
1259 0 18646 1
1259 0 11920 1
1259 0 46871 1
1259 0 67942 1
1259 0 72318 1
1259 0 29087 1
1259 0 62322 1
1259 0 44327 1
1260 0 38698 1
1260 0 28276 1
1260 0 30600 1
1260 0 29953 1
1260 0 21518 1
1260 0 77562 1
1260 0 39792 1
1260 0 9070 1
1260 0 73595 1
1262 0 71659 1
1262 0 84371 1
1262 0 90027 1
1262 0 25654 1
1263 0 85200 1
1263 0 82555 1
1263 0 33080 1
1263 0 9559 1
1264 0 28287 1
1264 0 45936 1
1264 0 55008 1
1264 0 5411 1
1265 0 42460 1
1265 0 81828 1
1265 0 82100 1
1265 0 76319 1
1265 0 54625 1
1265 0 84528 1
1265 0 56024 1
1265 0 38782 1
1266 0 37543 1
1266 0 9177 1
1266 0 36042 1
1266 0 6945 1
1266 0 73950 1
1266 0 39476 1
876 0 63593 1
876 0 32260 1
876 0 43585 1
876 0 66034 1
876 0 74540 1
882 0 35017 1
882 0 83936 1
882 0 87273 1
882 0 88793 1
883 0 92163 1
883 0 64150 1
883 0 52727 1
883 0 84238 1
883 0 70585 1
883 0 19617 1
883 0 63955 1
883 0 94607 1
883 0 7105 1
884 0 31419 1
884 0 69393 1
884 0 17036 1
884 0 77270 1
885 0 15892 1
885 0 58789 1
885 0 82031 1
885 0 38501 1
885 0 82973 1
885 0 82673 1
885 0 30433 1
885 0 65918 1
885 0 39024 1
886 0 43857 1
886 0 81173 1
886 0 46249 1
886 0 15881 1
886 0 29341 1
886 0 96049 1
887 0 42581 1
887 0 5758 1
887 0 85536 1
887 0 25459 1
887 0 16862 1
887 0 50361 1
893 0 10788 1
893 0 71412 1
893 0 66483 1
893 0 92771 1
893 0 40217 1
893 0 87533 1
893 0 1463 1
893 0 22945 1
894 0 89533 1
894 0 78738 1
894 0 64485 1
894 0 70281 1
894 0 33649 1
895 0 89814 1
895 0 73014 1
895 0 37397 1
895 0 44808 1
895 0 69704 1
895 0 54670 1
895 0 74582 1
896 0 81671 1
896 0 42343 1
896 0 26851 1
896 0 72485 1
896 0 83328 1
896 0 19040 1
896 0 36904 1
897 0 17557 1
897 0 25565 1
897 0 17751 1
897 0 31257 1
897 0 42806 1
897 0 93230 1
897 0 25898 1
897 0 46132 1
897 0 82119 1
898 0 3859 1
898 0 86023 1
898 0 47463 1
898 0 10114 1
898 0 52161 1
899 0 81332 1
899 0 69192 1
899 0 21525 1
899 0 23852 1
899 0 55337 1
904 0 65798 1
904 0 65338 1
904 0 19832 1
904 0 40378 1
904 0 44929 1
904 0 52456 1
905 0 58195 1
905 0 25083 1
905 0 17827 1
905 0 48407 1
905 0 47999 1
906 0 3986 1
906 0 56461 1
906 0 91720 1
906 0 18104 1
906 0 99558 1
907 0 38073 1
907 0 21832 1
907 0 12090 1
907 0 20424 1
907 0 7184 1
907 0 18420 1
909 0 82367 1
909 0 30548 1
910 0 65949 1
910 0 71908 1
910 0 66200 1
910 0 37835 1
910 0 65797 1
912 0 33637 1
912 0 38929 1
912 0 51862 1
912 0 49738 1
915 0 96655 1
915 0 11406 1
915 0 69593 1
915 0 76616 1
915 0 34909 1
915 0 11745 1
915 0 3415 1
916 0 43341 1
916 0 52764 1
916 0 55230 1
916 0 69548 1
919 0 37048 1
919 0 86180 1
919 0 77050 1
919 0 1563 1
919 0 40769 1
919 0 81112 1
919 0 85652 1
919 0 21303 1
920 0 94643 1
920 0 89222 1
920 0 10246 1
920 0 69651 1
920 0 71462 1
920 0 438 1
920 0 54295 1
920 0 17178 1
920 0 31518 1
920 0 78026 1
921 0 99695 1
921 0 78481 1
921 0 91501 1
921 0 89858 1
921 0 49868 1
922 0 59 1
922 0 58814 1
922 0 136 1
923 0 46640 1
923 0 35607 1
923 0 16877 1
923 0 45509 1
923 0 58265 1
923 0 69461 1
925 0 85168 1
925 0 12022 1
925 0 32691 1
925 0 92941 1
925 0 91531 1
925 0 10375 1
925 0 92666 1
926 0 44134 1
926 0 74641 1
926 0 6881 1
926 0 50432 1
927 0 2182 1
927 0 25457 1
927 0 44772 1
927 0 37932 1
927 0 29855 1
928 0 86840 1
928 0 100192 1
928 0 68320 1
928 0 19202 1
930 0 98731 1
930 0 52480 1
930 0 35896 1
930 0 26141 1
930 0 27330 1
932 0 39555 1
932 0 44749 1
932 0 67235 1
932 0 55842 1
932 0 46801 1
932 0 30088 1
932 0 10608 1
932 0 22924 1
934 0 24273 1
934 0 8076 1
934 0 49653 1
934 0 74269 1
934 0 45423 1
934 0 11480 1
934 0 21261 1
936 0 33773 1
936 0 67422 1
936 0 15860 1
941 0 47835 1
941 0 50035 1
941 0 10448 1
942 0 38600 1
942 0 26307 1
942 0 44968 1
942 0 8706 1
942 0 68971 1
942 0 53313 1
942 0 94787 1
942 0 82209 1
942 0 86898 1
943 0 84942 1
943 0 24726 1
943 0 82803 1
944 0 76644 1
944 0 23116 1
944 0 29165 1
944 0 26378 1
944 0 16095 1
944 0 66059 1
944 0 92022 1
946 0 89549 1
946 0 12992 1
946 0 7689 1
946 0 79007 1
946 0 73769 1
947 0 59213 1
947 0 83530 1
947 0 83749 1
947 0 25276 1
947 0 55732 1
947 0 46316 1
947 0 95330 1
947 0 82171 1
948 0 46273 1
948 0 52952 1
948 0 79520 1
950 0 11516 1
950 0 64497 1
950 0 11844 1
950 0 4998 1
950 0 64956 1
950 0 85634 1
950 0 28106 1
950 0 7125 1
951 0 41744 1
951 0 11400 1
951 0 23823 1
951 0 70894 1
952 0 51967 1
952 0 51325 1
952 0 1600 1
959 0 30044 1
959 0 46130 1
959 0 78213 1
959 0 4226 1
959 0 86910 1
959 0 78611 1
960 0 21800 1
960 0 79135 1
960 0 72555 1
961 0 99366 1
961 0 903 1
961 0 78288 1
961 0 30895 1
961 0 26612 1
961 0 34081 1
961 0 34989 1
962 0 58922 1
962 0 95629 1
962 0 33026 1
962 0 41151 1
962 0 35466 1
962 0 36569 1
962 0 85429 1
962 0 98636 1
962 0 12118 1
962 0 41373 1
963 0 29345 1
963 0 52106 1
963 0 57643 1
963 0 83653 1
963 0 56120 1
966 0 80078 1
966 0 17196 1
966 0 22518 1
966 0 99085 1
966 0 52450 1
966 0 57493 1
966 0 70683 1
968 0 42681 1
968 0 57512 1
968 0 97882 1
968 0 45335 1
969 0 31449 1
969 0 19878 1
969 0 84188 1
970 0 15905 1
970 0 90496 1
970 0 8734 1
970 0 89469 1
970 0 37047 1
970 0 85778 1
970 0 74666 1
970 0 46822 1
970 0 12959 1
971 0 9900 1
971 0 48545 1
971 0 16783 1
971 0 6193 1
971 0 12802 1
971 0 48472 1
971 0 95857 1
972 0 634 1
972 0 93038 1
972 0 31706 1
972 0 35014 1
972 0 26890 1
972 0 53051 1
972 0 37663 1
972 0 37569 1
976 0 70977 1
976 0 45660 1
976 0 80575 1
976 0 64251 1
978 0 5581 1
978 0 18378 1
978 0 5794 1
978 0 29270 1
978 0 93050 1
978 0 3566 1
978 0 34542 1
979 0 79241 1
979 0 83774 1
979 0 37720 1
979 0 48374 1
979 0 86955 1
979 0 98490 1
979 0 96825 1
979 0 24904 1
979 0 27129 1
671 0 97832 1
671 0 46665 1
671 0 43038 1
672 0 78348 1
672 0 68496 1
672 0 71270 1
672 0 8702 1
672 0 26815 1
673 0 87409 1
673 0 85908 1
673 0 93787 1
673 0 53493 1
674 0 79790 1
674 0 16612 1
674 0 6481 1
674 0 33747 1
675 0 9793 1
675 0 30867 1
675 0 86249 1
675 0 64677 1
675 0 70407 1
675 0 73452 1
675 0 11137 1
678 0 42211 1
678 0 76597 1
678 0 24381 1
678 0 8524 1
679 0 35670 1
679 0 70298 1
679 0 64746 1
679 0 66011 1
679 0 42720 1
679 0 37844 1
681 0 100171 1
681 0 12462 1
681 0 71570 1
681 0 8972 1
681 0 79836 1
681 0 8935 1
681 0 24901 1
681 0 33666 1
681 0 62086 1
681 0 57858 1
682 0 58939 1
682 0 30159 1
684 0 58075 1
684 0 10993 1
684 0 97577 1
684 0 73520 1
684 0 1428 1
684 0 98113 1
684 0 2430 1
684 0 59894 1
684 0 35008 1
684 0 19776 1
685 0 45183 1
685 0 88989 1
685 0 17466 1
685 0 42473 1
685 0 46992 1
685 0 17053 1
685 0 91102 1
685 0 66089 1
686 0 37193 1
686 0 36807 1
686 0 72948 1
686 0 76575 1
686 0 52081 1
686 0 13328 1
688 0 90302 1
688 0 96251 1
688 0 67183 1
688 0 91406 1
689 0 60594 1
689 0 64511 1
689 0 13748 1
689 0 35577 1
689 0 41452 1
689 0 30683 1
689 0 17758 1
689 0 91019 1
692 0 71306 1
692 0 96733 1
694 0 63201 1
694 0 23139 1
694 0 1958 1
694 0 35739 1
694 0 16065 1
695 0 48560 1
695 0 99431 1
695 0 71647 1
695 0 59231 1
695 0 9393 1
695 0 6811 1
696 0 18616 1
696 0 22257 1
696 0 29022 1
696 0 5186 1
696 0 31380 1
700 0 78615 1
700 0 73054 1
700 0 58893 1
700 0 75767 1
700 0 64785 1
700 0 35635 1
700 0 51630 1
701 0 65202 1
701 0 99426 1
701 0 59588 1
701 0 53373 1
701 0 8848 1
701 0 1553 1
701 0 19315 1
701 0 23597 1
701 0 26361 1
702 0 6789 1
702 0 68623 1
702 0 89790 1
702 0 41524 1
702 0 3898 1
702 0 46430 1
702 0 7448 1
702 0 68922 1
702 0 54788 1
702 0 11896 1
703 0 32059 1
703 0 13344 1
703 0 31619 1
703 0 52723 1
703 0 53237 1
703 0 79736 1
706 0 48390 1
706 0 50294 1
706 0 83754 1
707 0 92286 1
707 0 71138 1
707 0 73861 1
707 0 81782 1
707 0 35103 1
707 0 45628 1
707 0 94034 1
707 0 41242 1
708 0 16083 1
708 0 16204 1
708 0 40955 1
708 0 76142 1
709 0 37657 1
709 0 61442 1
709 0 64537 1
709 0 66962 1
709 0 54698 1
709 0 78335 1
709 0 34090 1
709 0 95412 1
709 0 1072 1
710 0 11029 1
710 0 65597 1
710 0 30747 1
710 0 35684 1
711 0 74046 1
711 0 68328 1
711 0 18179 1
711 0 34211 1
711 0 36566 1
711 0 71104 1
712 0 70881 1
712 0 16153 1
712 0 77289 1
712 0 32880 1
712 0 51104 1
712 0 83150 1
713 0 69018 1
713 0 16475 1
713 0 99658 1
713 0 423 1
713 0 16679 1
713 0 73741 1
713 0 18031 1
714 0 38859 1
714 0 34954 1
714 0 83062 1
714 0 49484 1
714 0 81597 1
715 0 86251 1
715 0 59973 1
716 0 50007 1
716 0 14752 1
716 0 90865 1
716 0 50963 1
716 0 26055 1
717 0 28788 1
717 0 59558 1
717 0 22708 1
717 0 77945 1
717 0 46599 1
717 0 47477 1
717 0 75799 1
717 0 34713 1
717 0 13404 1
717 0 52430 1
718 0 60723 1
718 0 20521 1
718 0 86904 1
718 0 64801 1
718 0 53641 1
718 0 38612 1
719 0 25143 1
719 0 71581 1
719 0 41017 1
719 0 89536 1
719 0 41333 1
719 0 90026 1
719 0 41265 1
720 0 67348 1
720 0 64861 1
720 0 37644 1
720 0 4846 1
720 0 45391 1
720 0 88911 1
720 0 33509 1
720 0 75451 1
720 0 82949 1
720 0 86136 1
722 0 89912 1
722 0 76769 1
722 0 22472 1
722 0 84165 1
722 0 4147 1
722 0 76074 1
722 0 9873 1
722 0 58568 1
723 0 46205 1
723 0 87319 1
723 0 45859 1
723 0 20640 1
723 0 25448 1
723 0 78793 1
724 0 69945 1
724 0 14719 1
724 0 30739 1
724 0 38051 1
724 0 46781 1
724 0 5974 1
724 0 19827 1
724 0 12708 1
725 0 91026 1
725 0 33396 1
725 0 74738 1
725 0 74914 1
725 0 10582 1
725 0 98102 1
725 0 30641 1
725 0 45193 1
726 0 95825 1
726 0 32273 1
726 0 22885 1
726 0 81752 1
726 0 52256 1
726 0 45601 1
726 0 88659 1
728 0 54011 1
728 0 11038 1
728 0 72052 1
728 0 60952 1
728 0 14284 1
729 0 40650 1
729 0 68909 1
729 0 76353 1
729 0 25328 1
730 0 5324 1
730 0 66570 1
730 0 56041 1
730 0 9973 1
730 0 40260 1
730 0 97755 1
731 0 83322 1
731 0 56372 1
731 0 65160 1
731 0 11504 1
732 0 2557 1
732 0 24308 1
732 0 6118 1
732 0 56676 1
732 0 44454 1
732 0 91388 1
732 0 26408 1
732 0 15507 1
732 0 53606 1
732 0 83654 1
734 0 16158 1
734 0 30451 1
734 0 83651 1
734 0 11287 1
734 0 57372 1
734 0 56735 1
735 0 6786 1
735 0 47581 1
737 0 22466 1
737 0 84696 1
737 0 24591 1
737 0 93766 1
737 0 69364 1
737 0 86532 1
737 0 22731 1
737 0 30781 1
738 0 58416 1
738 0 51566 1
738 0 48157 1
738 0 44292 1
738 0 22865 1
738 0 53114 1
738 0 22423 1
739 0 29239 1
739 0 50610 1
739 0 71360 1
739 0 67956 1
739 0 1965 1
739 0 99299 1
739 0 54844 1
741 0 48471 1
741 0 58637 1
741 0 1634 1
742 0 7866 1
742 0 69262 1
744 0 31039 1
744 0 91283 1
744 0 46747 1
744 0 90631 1
744 0 69612 1
745 0 37755 1
745 0 70450 1
745 0 1908 1
745 0 72322 1
745 0 95021 1
745 0 10888 1
745 0 84888 1
745 0 46268 1
745 0 50188 1
746 0 58869 1
746 0 4134 1
746 0 99014 1
746 0 90485 1
746 0 61614 1
746 0 77984 1
747 0 27466 1
747 0 89759 1
747 0 36701 1
747 0 70249 1
747 0 9241 1
747 0 43437 1
747 0 45997 1
749 0 98881 1
749 0 47325 1
749 0 85308 1
749 0 40421 1
751 0 47641 1
751 0 43853 1
751 0 92587 1
751 0 7117 1
751 0 15523 1
751 0 63141 1
751 0 99443 1
753 0 28994 1
753 0 84309 1
753 0 9289 1
753 0 65854 1
753 0 91844 1
753 0 17627 1
753 0 30443 1
753 0 53330 1
753 0 3712 1
754 0 61819 1
754 0 64533 1
754 0 99592 1
756 0 92737 1
756 0 15997 1
756 0 32711 1
756 0 90851 1
757 0 26170 1
757 0 79348 1
757 0 48680 1
757 0 76888 1
757 0 35940 1
758 0 77992 1
758 0 96602 1
758 0 6135 1
758 0 70589 1
759 0 26866 1
759 0 88457 1
759 0 28248 1
759 0 38729 1
759 0 32846 1
759 0 14535 1
759 0 91238 1
759 0 78872 1
760 0 39264 1
760 0 86643 1
760 0 54470 1
760 0 95853 1
760 0 74129 1
760 0 20249 1
760 0 69546 1
761 0 72685 1
761 0 12217 1
763 0 33678 1
763 0 96139 1
763 0 74291 1
763 0 17160 1
763 0 1742 1
763 0 21739 1
763 0 45089 1
764 0 79835 1
764 0 39434 1
764 0 29143 1
764 0 53482 1
764 0 2544 1
764 0 55132 1
764 0 40288 1
764 0 79541 1
768 0 86047 1
768 0 93117 1
768 0 23119 1
768 0 95906 1
768 0 8123 1
768 0 86809 1
768 0 16239 1
768 0 29780 1
177 0 86072 1
177 0 8499 1
177 0 52236 1
177 0 36894 1
177 0 86819 1
178 0 45588 1
178 0 84381 1
178 0 63598 1
178 0 22484 1
179 0 73690 1
179 0 40836 1
179 0 38764 1
179 0 47747 1
179 0 74301 1
179 0 96874 1
179 0 63053 1
179 0 61259 1
180 0 32521 1
180 0 54109 1
180 0 88567 1
180 0 51546 1
180 0 89355 1
180 0 34232 1
180 0 35337 1
180 0 70608 1
180 0 21890 1
180 0 91108 1
181 0 42625 1
181 0 10860 1
181 0 72998 1
181 0 41718 1
181 0 9028 1
183 0 90095 1
183 0 61300 1
183 0 61245 1
184 0 80652 1
184 0 100177 1
184 0 77688 1
186 0 2855 1
186 0 3079 1
186 0 39978 1
186 0 22411 1
186 0 51927 1
186 0 20115 1
190 0 39126 1
190 0 66967 1
190 0 8422 1
190 0 39549 1
190 0 4427 1
190 0 81955 1
190 0 34780 1
190 0 66315 1
190 0 56740 1
190 0 7855 1
190 0 33030 1
191 0 86746 1
191 0 28646 1
191 0 80098 1
191 0 48963 1
191 0 74394 1
191 0 85951 1
192 0 76677 1
192 0 54986 1
192 0 28405 1
192 0 56548 1
192 0 89366 1
193 0 74675 1
193 0 1601 1
193 0 53757 1
193 0 27010 1
194 0 18377 1
194 0 59595 1
194 0 12840 1
194 0 7808 1
194 0 77719 1
194 0 47078 1
194 0 89152 1
196 0 53491 1
196 0 8461 1
196 0 30654 1
196 0 65629 1
199 0 52132 1
199 0 23072 1
199 0 28164 1
199 0 28538 1
199 0 48607 1
199 0 62444 1
199 0 87398 1
200 0 72872 1
200 0 62372 1
200 0 73783 1
200 0 63082 1
200 0 57926 1
200 0 59814 1
201 0 28867 1
201 0 44551 1
201 0 2878 1
202 0 92534 1
202 0 52113 1
202 0 39099 1
202 0 97743 1
203 0 46563 1
203 0 18694 1
203 0 47535 1
205 0 15871 1
205 0 54324 1
205 0 70213 1
206 0 83038 1
206 0 80093 1
206 0 9861 1
206 0 22544 1
206 0 81976 1
206 0 37793 1
206 0 62316 1
206 0 65395 1
206 0 71793 1
116 0 2440 1
116 0 46402 1
116 0 5649 1
116 0 84901 1
119 0 45549 1
119 0 63750 1
119 0 43872 1
119 0 1486 1
120 0 37015 1
120 0 68003 1
120 0 78511 1
121 0 20987 1
121 0 31750 1
121 0 10877 1
121 0 67984 1
121 0 38862 1
121 0 79611 1
121 0 51841 1
122 0 78312 1
122 0 18626 1
122 0 10072 1
122 0 95429 1
124 0 63346 1
124 0 66741 1
124 0 9826 1
125 0 42588 1
125 0 80978 1
125 0 15897 1
125 0 21351 1
125 0 42038 1
125 0 70708 1
125 0 79198 1
126 0 55238 1
126 0 64659 1
126 0 98468 1
126 0 2162 1
126 0 15008 1
126 0 6415 1
126 0 41002 1
127 0 8508 1
127 0 77839 1
127 0 30042 1
127 0 38298 1
127 0 90304 1
127 0 69772 1
128 0 5501 1
128 0 58468 1
128 0 35150 1
128 0 50414 1
128 0 15260 1
128 0 39325 1
128 0 42691 1
128 0 58131 1
130 0 52717 1
130 0 21799 1
130 0 15117 1
131 0 94558 1
131 0 53729 1
131 0 49951 1
131 0 17015 1
131 0 63460 1
131 0 96500 1
132 0 40666 1
132 0 40709 1
132 0 76332 1
132 0 84271 1
132 0 15340 1
132 0 86385 1
134 0 81576 1
134 0 35989 1
134 0 62151 1
134 0 32892 1
134 0 17995 1
134 0 89656 1
134 0 13488 1
138 0 34526 1
138 0 40148 1
138 0 72640 1
138 0 46998 1
138 0 95670 1
138 0 59397 1
138 0 55541 1
140 0 12493 1
140 0 8471 1
1076 0 99393 1
1076 0 81793 1
1076 0 64035 1
1076 0 41309 1
1076 0 59349 1
1076 0 64767 1
1076 0 95950 1
1076 0 72891 1
1077 0 22967 1
1077 0 81826 1
1077 0 5801 1
1077 0 43277 1
1077 0 4697 1
1077 0 71694 1
1077 0 97915 1
1078 0 98601 1
1078 0 85641 1
1078 0 479 1
1078 0 92701 1
1079 0 74681 1
1079 0 92416 1
1079 0 94436 1
1079 0 82007 1
1079 0 44977 1
1079 0 39830 1
1079 0 54173 1
1079 0 75358 1
1081 0 67499 1
1081 0 24023 1
1081 0 69288 1
1081 0 60958 1
1081 0 37908 1
1081 0 93475 1
1081 0 4662 1
1081 0 607 1
1081 0 35516 1
1082 0 85781 1
1082 0 63976 1
1082 0 87129 1
1082 0 39265 1
1082 0 57129 1
1083 0 26834 1
1083 0 66336 1
1083 0 25404 1
1083 0 44821 1
1083 0 82538 1
1083 0 46540 1
1083 0 59116 1
1085 0 75439 1
1085 0 2215 1
1085 0 99935 1
1085 0 60135 1
1085 0 77207 1
1089 0 77868 1
1089 0 84756 1
1089 0 86834 1
1090 0 36491 1
1090 0 7084 1
1090 0 74013 1
1090 0 5425 1
1090 0 80215 1
1091 0 42711 1
1091 0 71114 1
1091 0 17514 1
1091 0 81797 1
1091 0 69058 1
1091 0 16059 1
1091 0 9402 1
1092 0 46762 1
1092 0 49825 1
1092 0 78125 1
1093 0 97556 1
1093 0 34407 1
1093 0 62349 1
1093 0 91074 1
1093 0 87905 1
1093 0 12171 1
1093 0 36200 1
1094 0 92686 1
1094 0 37458 1
1094 0 23800 1
1094 0 73209 1
1095 0 45940 1
1095 0 46986 1
1095 0 2771 1
1095 0 69395 1
1095 0 96945 1
1095 0 4652 1
1095 0 40168 1
1095 0 74320 1
1095 0 1918 1
1096 0 26931 1
1096 0 43489 1
1096 0 97254 1
1097 0 88479 1
1097 0 61570 1
1097 0 55670 1
1097 0 19665 1
1097 0 42693 1
1097 0 100178 1
1098 0 45219 1
1098 0 74692 1
1098 0 1238 1
1098 0 11945 1
1098 0 93469 1
1098 0 48167 1
1098 0 10599 1
1099 0 33087 1
1099 0 35052 1
1099 0 19987 1
1099 0 17066 1
1099 0 42932 1
1099 0 69388 1
1099 0 7169 1
1101 0 68273 1
1101 0 48368 1
1101 0 70468 1
1101 0 78693 1
1103 0 35044 1
1103 0 53806 1
1103 0 58975 1
1103 0 77107 1
1103 0 32740 1
1105 0 37608 1
1105 0 90176 1
1105 0 7775 1
1105 0 22755 1
1105 0 77238 1
1105 0 64082 1
1105 0 37890 1
1105 0 40923 1
1105 0 24606 1
1106 0 80896 1
1106 0 52809 1
1106 0 31161 1
1106 0 64603 1
1106 0 89101 1
1106 0 71334 1
1106 0 2534 1
1106 0 83841 1
1106 0 91798 1
1107 0 100084 1
1107 0 68717 1
1107 0 87371 1
1107 0 1498 1
1108 0 12150 1
1108 0 86301 1
1108 0 48590 1
1108 0 6956 1
1108 0 58935 1
1110 0 49849 1
1110 0 36264 1
1110 0 1702 1
1110 0 39956 1
1110 0 17388 1
1110 0 89131 1
1111 0 97206 1
1111 0 17651 1
1111 0 96468 1
1111 0 13135 1
1111 0 41645 1
1115 0 44721 1
1115 0 49570 1
1115 0 84397 1
1115 0 85950 1
1115 0 17478 1
1115 0 33780 1
1115 0 27358 1
1117 0 94769 1
1117 0 49082 1
1117 0 84250 1
1117 0 31085 1
1117 0 50976 1
1117 0 72409 1
1117 0 23709 1
1118 0 65663 1
1118 0 87304 1
1118 0 66376 1
1118 0 97901 1
1118 0 41317 1
1118 0 58530 1
1119 0 26659 1
1119 0 49305 1
1119 0 6578 1
1119 0 92854 1
1119 0 74102 1
1121 0 57262 1
1121 0 44797 1
1121 0 25853 1
1121 0 2720 1
1121 0 26706 1
1121 0 80602 1
1122 0 69237 1
1122 0 19085 1
1122 0 73129 1
1122 0 73639 1
1122 0 40600 1
1122 0 74532 1
1122 0 6392 1
1124 0 11400 1
1124 0 31253 1
1124 0 70894 1
1124 0 61203 1
1124 0 35746 1
1124 0 93955 1
1124 0 73569 1
1126 0 43779 1
1126 0 38105 1
1126 0 85622 1
1126 0 89934 1
1126 0 19393 1
1126 0 30017 1
1126 0 5040 1
1127 0 86987 1
1127 0 99136 1
1128 0 25667 1
1128 0 67181 1
1128 0 42717 1
1128 0 86957 1
1128 0 10544 1
1128 0 80939 1
1128 0 96497 1
1131 0 18581 1
1131 0 91703 1
1131 0 98687 1
1131 0 28151 1
1131 0 71518 1
1131 0 39681 1
1131 0 56151 1
1131 0 26204 1
1133 0 24576 1
1133 0 55242 1
1133 0 24544 1
1133 0 33441 1
1133 0 91260 1
1133 0 46743 1
1133 0 28766 1
1134 0 57077 1
1134 0 77411 1
1134 0 41413 1
1134 0 84113 1
1134 0 63037 1
1134 0 91064 1
1134 0 70887 1
1134 0 37465 1
1134 0 39470 1
1135 0 29000 1
1135 0 4117 1
1135 0 96911 1
1135 0 16589 1
1135 0 40351 1
1135 0 9503 1
1135 0 5546 1
1138 0 19563 1
1138 0 16916 1
1138 0 39087 1
1139 0 28327 1
1139 0 28943 1
1139 0 70832 1
1139 0 5986 1
1139 0 51688 1
1139 0 9449 1
1141 0 66994 1
1141 0 70388 1
1141 0 76281 1
1141 0 14270 1
1141 0 26667 1
1141 0 16610 1
1141 0 66720 1
1142 0 16664 1
1142 0 95443 1
1142 0 29746 1
1142 0 844 1
1142 0 92256 1
1142 0 12787 1
1144 0 80097 1
1144 0 25961 1
1144 0 29770 1
1147 0 43347 1
1147 0 42404 1
1147 0 35744 1
1147 0 30212 1
1147 0 28079 1
1147 0 72658 1
1148 0 8373 1
1148 0 24625 1
1148 0 67273 1
1148 0 77820 1
1148 0 28625 1
1149 0 26524 1
1149 0 7303 1
1149 0 56636 1
1149 0 86019 1
1149 0 13732 1
1149 0 123 1
1149 0 77181 1
1150 0 73065 1
1150 0 31881 1
1150 0 54551 1
1150 0 68442 1
1150 0 20701 1
1150 0 40548 1
1150 0 7596 1
1150 0 37563 1
1152 0 40460 1
1152 0 24216 1
1152 0 51262 1
1152 0 89508 1
1152 0 24465 1
1152 0 14984 1
1152 0 98786 1
1152 0 65965 1
1153 0 24779 1
1153 0 73540 1
1153 0 3406 1
1153 0 53356 1
1153 0 95689 1
1155 0 62625 1
1155 0 20784 1
1155 0 26684 1
1155 0 67491 1
1158 0 29241 1
1158 0 92348 1
1158 0 51117 1
1158 0 12590 1
1158 0 3176 1
1158 0 76094 1
1158 0 68295 1
1158 0 17382 1
1161 0 93619 1
1161 0 56035 1
1161 0 84913 1
1161 0 81687 1
1162 0 4792 1
1162 0 63442 1
1162 0 73085 1
1162 0 64868 1
1162 0 97196 1
1162 0 49502 1
1162 0 67742 1
1162 0 14994 1
1162 0 17236 1
1163 0 94104 1
1163 0 91750 1
1163 0 35893 1
1163 0 5024 1
1164 0 66246 1
1164 0 2308 1
1164 0 57300 1
1164 0 7446 1
1164 0 57726 1
1164 0 74362 1
1164 0 64508 1
1164 0 8229 1
1164 0 65503 1
1164 0 47963 1
1167 0 1992 1
1167 0 57923 1
1167 0 3720 1
1167 0 6356 1
1167 0 38935 1
1167 0 86757 1
1169 0 40356 1
1169 0 76284 1
1169 0 85226 1
1169 0 78984 1
1169 0 14650 1
1169 0 60774 1
1169 0 33818 1
1172 0 2661 1
1172 0 97013 1
1172 0 80851 1
1172 0 52392 1
1172 0 84742 1
1172 0 56183 1
78 0 57145 1
78 0 46164 1
78 0 90745 1
78 0 70876 1
78 0 50923 1
78 0 31955 1
78 0 79276 1
79 0 7290 1
79 0 51354 1
79 0 9838 1
79 0 18663 1
81 0 20704 1
81 0 72631 1
82 0 9519 1
82 0 38982 1
82 0 39971 1
82 0 3304 1
82 0 88292 1
82 0 58302 1
82 0 45952 1
82 0 77297 1
82 0 56828 1
83 0 39837 1
83 0 92164 1
83 0 30994 1
83 0 27879 1
83 0 54604 1
83 0 31129 1
85 0 85538 1
85 0 86127 1
85 0 31206 1
85 0 16606 1
85 0 37119 1
85 0 83569 1
85 0 50273 1
85 0 2155 1
85 0 55857 1
85 0 61315 1
86 0 24909 1
86 0 39935 1
86 0 16780 1
86 0 51298 1
86 0 66952 1
87 0 25364 1
87 0 15512 1
87 0 27323 1
87 0 69112 1
87 0 83649 1
88 0 5688 1
88 0 27158 1
88 0 50689 1
88 0 2497 1
88 0 14811 1
88 0 43583 1
89 0 66443 1
89 0 59181 1
89 0 61456 1
89 0 44374 1
89 0 2927 1
89 0 14492 1
89 0 31302 1
89 0 63303 1
89 0 15493 1
89 0 88377 1
90 0 57987 1
90 0 21966 1
90 0 20010 1
90 0 20853 1
90 0 71987 1
90 0 914 1
90 0 34642 1
90 0 27045 1
90 0 60604 1
90 0 37053 1
90 0 40945 1
92 0 13475 1
92 0 88939 1
92 0 16130 1
92 0 11979 1
92 0 17401 1
92 0 53425 1
92 0 33249 1
92 0 55134 1
92 0 4587 1
93 0 88663 1
93 0 1620 1
93 0 11659 1
93 0 182 1
95 0 82164 1
95 0 47600 1
95 0 72044 1
95 0 40969 1
95 0 60658 1
95 0 63688 1
95 0 19916 1
95 0 1518 1
96 0 73565 1
96 0 63195 1
96 0 74660 1
96 0 1666 1
96 0 35036 1
96 0 64110 1
97 0 21617 1
97 0 95894 1
97 0 10051 1
97 0 93371 1
97 0 20930 1
97 0 31 1
98 0 91543 1
98 0 40115 1
98 0 32835 1
98 0 8068 1
100 0 15367 1
100 0 95570 1
100 0 76777 1
100 0 9459 1
100 0 51429 1
100 0 79853 1
102 0 31228 1
102 0 11520 1
102 0 8372 1
102 0 40668 1
102 0 8831 1
103 0 97910 1
103 0 90777 1
103 0 62713 1
103 0 84598 1
103 0 16580 1
103 0 33101 1
103 0 74769 1
105 0 48140 1
105 0 92097 1
105 0 77651 1
105 0 45517 1
106 0 481 1
106 0 32348 1
106 0 10078 1
106 0 4867 1
106 0 59895 1
106 0 75359 1
106 0 19300 1
106 0 46388 1
106 0 55101 1
106 0 84397 1
106 0 29579 1
106 0 64049 1
107 0 74895 1
107 0 33864 1
107 0 34048 1
107 0 3640 1
107 0 81984 1
107 0 42855 1
109 0 88207 1
109 0 24904 1
109 0 5291 1
109 0 46661 1
109 0 79241 1
110 0 18432 1
110 0 40479 1
110 0 54850 1
110 0 63225 1
110 0 6575 1
111 0 61508 1
111 0 47626 1
111 0 76586 1
111 0 39692 1
111 0 26544 1
113 0 12968 1
113 0 74817 1
366 0 53046 1
366 0 80201 1
366 0 35335 1
366 0 74693 1
366 0 93765 1
366 0 53446 1
366 0 57191 1
366 0 65385 1
366 0 66451 1
367 0 79069 1
367 0 82766 1
367 0 10873 1
367 0 13349 1
370 0 40026 1
370 0 15800 1
370 0 68615 1
370 0 18535 1
371 0 24406 1
371 0 41740 1
371 0 67495 1
371 0 67932 1
371 0 29486 1
371 0 27373 1
371 0 27302 1
372 0 82650 1
372 0 4435 1
372 0 95322 1
372 0 92302 1
372 0 45232 1
376 0 57336 1
376 0 11997 1
376 0 85933 1
376 0 96100 1
376 0 17342 1
377 0 31233 1
377 0 57391 1
377 0 12991 1
377 0 13559 1
377 0 64279 1
377 0 36608 1
377 0 87968 1
377 0 18217 1
377 0 74712 1
380 0 20711 1
380 0 7632 1
380 0 26203 1
380 0 32796 1
380 0 43463 1
380 0 36622 1
380 0 58612 1
380 0 57899 1
380 0 36660 1
383 0 77368 1
383 0 20839 1
383 0 55612 1
383 0 249 1
383 0 27270 1
383 0 92729 1
383 0 10173 1
383 0 29580 1
384 0 47349 1
384 0 18568 1
384 0 66544 1
384 0 85920 1
384 0 54157 1
384 0 84516 1
384 0 34918 1
384 0 85386 1
384 0 38552 1
384 0 9531 1
387 0 1415 1
387 0 22604 1
387 0 36558 1
387 0 5266 1
387 0 86485 1
389 0 82850 1
389 0 92024 1
389 0 16380 1
389 0 45418 1
389 0 70025 1
389 0 5352 1
389 0 52249 1
389 0 84193 1
389 0 11499 1
389 0 77807 1
390 0 26255 1
390 0 47451 1
390 0 3282 1
390 0 20259 1
391 0 79255 1
391 0 43266 1
391 0 33870 1
391 0 42536 1
391 0 94942 1
391 0 92829 1
391 0 22666 1
391 0 40779 1
392 0 90538 1
392 0 85814 1
392 0 53009 1
392 0 25068 1
392 0 27248 1
392 0 98900 1
392 0 48809 1
392 0 71641 1
392 0 5470 1
392 0 51015 1
393 0 26628 1
393 0 39308 1
393 0 60336 1
393 0 6592 1
393 0 15320 1
393 0 1790 1
394 0 91065 1
394 0 49990 1
394 0 1295 1
394 0 82093 1
394 0 1124 1
394 0 65176 1
394 0 99722 1
395 0 5938 1
395 0 14028 1
395 0 75896 1
395 0 94095 1
395 0 27290 1
395 0 85241 1
395 0 47435 1
395 0 69980 1
395 0 38742 1
396 0 10930 1
396 0 76944 1
396 0 52701 1
396 0 69496 1
396 0 18816 1
396 0 24099 1
397 0 50768 1
397 0 81089 1
397 0 30354 1
397 0 76845 1
397 0 55823 1
397 0 24541 1
401 0 48838 1
401 0 66091 1
401 0 13178 1
401 0 948 1
402 0 20622 1
402 0 22647 1
402 0 55889 1
403 0 39370 1
403 0 21324 1
403 0 28721 1
403 0 53164 1
403 0 64826 1
403 0 2797 1
403 0 81299 1
403 0 44768 1
403 0 19204 1
405 0 44784 1
405 0 44337 1
405 0 76369 1
405 0 97419 1
405 0 49543 1
405 0 13467 1
405 0 76611 1
405 0 25088 1
405 0 80630 1
406 0 19626 1
406 0 18490 1
406 0 17394 1
406 0 70566 1
406 0 81186 1
408 0 77742 1
408 0 15001 1
408 0 30743 1
408 0 17898 1
408 0 17552 1
408 0 48750 1
408 0 24061 1
408 0 79768 1
409 0 87054 1
409 0 62471 1
409 0 74213 1
409 0 85132 1
409 0 61334 1
409 0 4170 1
410 0 20131 1
410 0 21039 1
410 0 14826 1
410 0 92650 1
410 0 30271 1
410 0 3642 1
411 0 14645 1
411 0 55776 1
411 0 54562 1
411 0 89262 1
411 0 84512 1
411 0 97980 1
411 0 60371 1
411 0 68788 1
411 0 50930 1
411 0 75206 1
413 0 94430 1
413 0 45359 1
413 0 71134 1
413 0 73866 1
413 0 664 1
413 0 99046 1
413 0 67630 1
413 0 22962 1
414 0 61295 1
414 0 92856 1
414 0 88174 1
416 0 41839 1
416 0 1477 1
416 0 49027 1
416 0 96700 1
416 0 6722 1
416 0 1520 1
417 0 23599 1
417 0 89624 1
417 0 80876 1
417 0 17369 1
418 0 68271 1
418 0 65035 1
418 0 4834 1
418 0 1001 1
420 0 34436 1
420 0 43302 1
420 0 28871 1
420 0 36645 1
421 0 91991 1
421 0 14494 1
421 0 6014 1
421 0 2476 1
421 0 20337 1
421 0 52687 1
421 0 10088 1
421 0 75121 1
422 0 36786 1
422 0 64841 1
422 0 27327 1
422 0 11055 1
422 0 90044 1
422 0 66045 1
422 0 97993 1
422 0 72825 1
422 0 64487 1
422 0 99460 1
424 0 32939 1
424 0 16698 1
424 0 90856 1
424 0 90258 1
424 0 98934 1
424 0 9337 1
425 0 72526 1
425 0 92009 1
425 0 74573 1
425 0 12162 1
425 0 33935 1
425 0 13376 1
425 0 67510 1
425 0 90081 1
425 0 46762 1
426 0 11121 1
426 0 30938 1
426 0 61357 1
426 0 44438 1
426 0 54325 1
427 0 64618 1
427 0 69780 1
427 0 63478 1
427 0 81954 1
427 0 18334 1
428 0 48230 1
428 0 48234 1
428 0 40561 1
428 0 29395 1
428 0 69978 1
428 0 98714 1
428 0 37670 1
428 0 45101 1
428 0 45454 1
429 0 61821 1
429 0 4694 1
429 0 47707 1
429 0 64634 1
429 0 83336 1
429 0 68567 1
432 0 76157 1
432 0 97423 1
432 0 24843 1
432 0 46875 1
432 0 68747 1
432 0 5205 1
432 0 31328 1
432 0 7934 1
432 0 78421 1
432 0 71115 1
432 0 95167 1
433 0 93320 1
433 0 90991 1
433 0 24782 1
433 0 92671 1
433 0 34097 1
433 0 87268 1
433 0 86053 1
433 0 50645 1
433 0 75186 1
434 0 10598 1
434 0 66079 1
434 0 20191 1
434 0 97414 1
434 0 74882 1
434 0 39303 1
434 0 18877 1
434 0 60292 1
435 0 40274 1
435 0 70761 1
435 0 57503 1
435 0 30145 1
435 0 43657 1
435 0 79895 1
435 0 54137 1
435 0 60890 1
435 0 48151 1
435 0 12469 1
436 0 44227 1
436 0 44452 1
436 0 72035 1
436 0 4390 1
436 0 98298 1
436 0 55302 1
436 0 91898 1
438 0 76272 1
438 0 67764 1
438 0 53878 1
438 0 78784 1
438 0 4059 1
442 0 30148 1
442 0 26158 1
442 0 61171 1
442 0 79103 1
442 0 70852 1
442 0 18896 1
443 0 69683 1
443 0 95222 1
443 0 45649 1
443 0 93349 1
443 0 98181 1
445 0 94124 1
445 0 15499 1
445 0 22648 1
445 0 88979 1
445 0 79278 1
445 0 13440 1
445 0 8594 1
446 0 28614 1
446 0 139 1
446 0 48721 1
446 0 14145 1
446 0 92085 1
446 0 63560 1
446 0 40034 1
446 0 11111 1
449 0 92347 1
449 0 23016 1
449 0 94603 1
449 0 22130 1
449 0 78401 1
449 0 88807 1
449 0 27556 1
449 0 15184 1
449 0 14879 1
449 0 66658 1
450 0 66480 1
450 0 20534 1
450 0 95811 1
450 0 13296 1
450 0 51809 1
450 0 2900 1
450 0 33270 1
450 0 39733 1
450 0 58614 1
454 0 63918 1
454 0 53537 1
454 0 82844 1
454 0 62459 1
464 0 26838 1
464 0 74000 1
464 0 22520 1
464 0 62846 1
464 0 51752 1
464 0 17654 1
464 0 23120 1
464 0 2089 1
464 0 6101 1
467 0 53858 1
467 0 8662 1
467 0 42802 1
467 0 69179 1
467 0 5898 1
149 0 58104 1
149 0 4586 1
149 0 525 1
149 0 6061 1
149 0 79217 1
152 0 64261 1
152 0 84890 1
152 0 7143 1
152 0 8910 1
152 0 37095 1
152 0 57008 1
153 0 19197 1
153 0 41740 1
153 0 57988 1
154 0 63970 1
154 0 99652 1
154 0 66466 1
155 0 13492 1
155 0 89201 1
155 0 84487 1
155 0 34658 1
155 0 98094 1
156 0 19259 1
156 0 79199 1
156 0 36529 1
159 0 9170 1
159 0 42101 1
159 0 28645 1
159 0 85394 1
160 0 87839 1
160 0 46705 1
160 0 57037 1
160 0 54580 1
160 0 17510 1
160 0 61396 1
160 0 52631 1
161 0 63108 1
161 0 6845 1
161 0 82780 1
161 0 72755 1
161 0 80810 1
161 0 37926 1
165 0 24156 1
165 0 50798 1
165 0 69225 1
165 0 6013 1
165 0 57785 1
165 0 85689 1
166 0 92987 1
166 0 6168 1
166 0 29061 1
166 0 29412 1
168 0 55328 1
168 0 36922 1
168 0 66159 1
168 0 52079 1
168 0 3869 1
168 0 76525 1
168 0 47576 1
168 0 2294 1
169 0 10348 1
169 0 85740 1
169 0 75334 1
169 0 32628 1
169 0 48386 1
169 0 15842 1
169 0 21801 1
169 0 70839 1
169 0 8472 1
169 0 81780 1
170 0 33125 1
170 0 28637 1
170 0 48603 1
170 0 38607 1
170 0 80759 1
170 0 26356 1
170 0 99682 1
170 0 78536 1
170 0 54838 1
171 0 53959 1
171 0 2392 1
171 0 53795 1
171 0 19926 1
174 0 83036 1
174 0 95495 1
174 0 4674 1
174 0 54330 1
174 0 36605 1
174 0 85355 1
174 0 54216 1
174 0 88683 1
175 0 52260 1
175 0 35833 1
175 0 31833 1
175 0 12477 1
175 0 6616 1
176 0 43852 1
176 0 21744 1
176 0 36855 1
176 0 59399 1
176 0 46520 1
176 0 97617 1
176 0 77340 1
176 0 68636 1
176 0 80595 1
